Frames,Tail_X,Tail_Y,Tail_L,Body1_X,Body1_Y,Body1_L,Body2_X,Body2_Y,Body2_L,Body3_X,Body3_Y,Body3_L,Head_X,Head_Y,Head_L,Tail_dist,Body1_dist,Body2_dist,Body3_dist,Head_dist,avg_dist_vel,jittery,distance_surface,avg_acc,angle
2479.0,61.557365,-312.38968,0.3207099,52.18384,-320.88477,0.27956352,49.91762,-332.01288,0.41826034,45.383396,-353.8579,0.38180718,292.2721,-567.69025,0.25912052,,,,,,,0,-205.9111,,312.1040725708008
2480.0,44.117916,-319.69318,0.44012403,50.574398,-338.39832,0.35824344,49.91762,-344.03784,0.34763166,45.383396,-356.2749,0.4389578,292.24173,-567.6844,0.20142286,18.907022,17.587345,12.024963,2.4169922,0.030925151,11.122737,0,-213.76172,333.6821,315.0153160095215
2481.0,44.117916,-334.691,0.9399233,50.574398,-339.09747,0.7052805,49.91762,-347.83804,0.498832,48.176056,-359.44073,0.4737621,292.24173,-567.6844,0.28165963,14.997833,0.6991577,3.8002014,4.221545,0.0,6.3755336,0,-218.29431,191.26599,316.80127716064453
2482.0,47.760853,-343.68207,0.32030198,52.18384,-350.48157,0.5109124,50.909748,-361.50647,0.36573502,49.449314,-367.36298,0.33412716,292.24173,-567.6844,0.2762107,9.701036,11.497299,13.704386,8.023908,0.0,9.226288,0,-226.6875,276.78864,317.50294494628906
2483.0,47.760853,-347.73676,0.19666657,52.18384,-356.21094,0.25624692,51.27811,-367.1299,0.4815689,50.266823,-370.7287,0.4104452,51.29786,-381.4673,0.24753192,4.0546875,5.72937,5.635495,3.4635832,304.51727,51.353767,1,-193.19873,1540.6129,275.9862060546875
2484.0,47.760853,-353.9585,0.4792982,50.574398,-357.64127,0.33682534,51.370502,-371.8568,0.5121855,50.916504,-373.42328,0.4940238,292.25787,-567.73773,0.23791012,6.2217407,2.1531718,4.727801,2.7717948,304.56265,38.809353,1,-233.46753,1164.2805,318.8347473144531
2485.0,47.760853,-360.7214,0.23447168,31.44349,-360.38757,0.23372686,54.611828,-375.61887,0.278324,51.791256,-375.85138,0.3068728,292.25787,-567.73773,0.2819274,6.762909,19.327024,4.9658074,2.580865,0.0,6.198544,0,-236.60742,185.95631,319.7453193664551
2486.0,49.45053,-364.54938,0.63022596,31.44349,-362.86102,0.24976002,55.353554,-379.1172,0.34634835,54.00308,-380.32318,0.24331021,54.13273,-396.4648,0.23842804,4.1843023,2.4734497,3.576089,4.9889045,293.32236,44.285896,1,-205.20715,1328.5768,278.3461227416992
2487.0,47.945683,-364.54938,0.30894983,30.596512,-372.22952,0.32460538,56.628826,-380.84476,0.34649894,54.299767,-387.3089,0.4901232,53.894524,-396.4648,0.2766452,1.5048485,9.406709,2.1472812,6.992015,0.23820496,4.439643,0,-208.82349,133.18929,280.5584182739258
2488.0,47.945683,-366.10037,0.76991826,29.443417,-372.95798,0.6308821,56.628826,-380.84476,0.6017501,56.455658,-389.88208,0.585771,54.13273,-401.5522,0.30196604,1.5509949,1.3639189,0.0,3.3569522,5.0929456,1.9233081,0,-210.8115,57.69924,279.89955139160156
2489.0,47.945683,-365.3187,0.2577218,29.443417,-374.5093,0.27169022,56.628826,-380.84476,0.4341426,56.455658,-389.88208,0.43625054,54.13273,-401.5522,0.2656462,0.78167725,1.5513306,0.0,0.0,0.0,0.37403473,0,-210.9654,11.221042,279.69007873535156
2490.0,50.816956,-365.3187,0.21267007,58.255028,-375.67575,0.3744016,57.772274,-382.59244,0.44313252,58.241768,-395.14343,0.4093269,56.59352,-409.86847,0.38653228,2.871273,28.835213,2.088507,5.5562596,8.672721,9.834644,0,-214.2638,295.0393,277.38806915283203
2491.0,47.945683,-366.10037,0.76872945,31.238894,-377.08252,0.70305884,60.3177,-391.0514,0.6161976,58.7313,-403.90097,0.56726795,58.97148,-416.4069,0.44626895,2.9757736,27.052736,8.833634,8.771209,6.957417,11.2302885,0,-219.45242,336.90863,282.3621826171875
2492.0,27.559763,-376.882,0.24086072,59.34339,-389.48187,0.43157086,61.261696,-401.2601,0.3963586,59.376713,-416.11557,0.39268464,292.3658,-567.88275,0.28342295,23.061417,30.718184,10.252262,12.231639,278.24063,61.056984,1,-258.86847,1831.7095,324.19763946533203
2493.0,50.816956,-392.8386,0.25822732,60.63077,-400.9534,0.3236424,61.320293,-405.72974,0.5058591,59.692974,-423.4518,0.3523499,292.3658,-567.88275,0.27062315,28.204792,11.543538,4.470019,7.3430567,0.0,9.27558,0,-266.71524,278.2674,324.0701370239258
2494.0,31.10889,-400.64124,0.41698775,62.947994,-405.33844,0.39371,63.199196,-415.97977,0.44078997,60.081413,-430.51865,0.48587897,292.3658,-567.88275,0.24819323,21.19644,4.959647,10.420815,7.0775013,0.0,9.480207,0,-272.61618,284.40622,327.37499237060547
2495.0,31.10889,-408.817,0.33295923,64.31223,-414.51346,0.30231908,64.468765,-424.1619,0.38271248,62.4097,-434.78336,0.49773824,292.2997,-567.88275,0.21035431,8.175751,9.275888,8.280039,4.8588743,0.066101074,6.4467897,0,-278.57568,193.40369,328.6585006713867
2496.0,57.640656,-422.6838,0.43002746,64.31223,-429.20178,0.32233286,64.920044,-438.65558,0.43580517,63.288017,-444.2209,0.45252416,292.29126,-567.87585,0.23441987,29.936989,14.688324,14.500707,9.478313,0.010909981,15.0495,0,-289.07166,451.485,328.2525005340576
2497.0,57.640656,-427.16165,0.8341431,69.44336,-434.3978,0.87757224,65.18802,-441.61765,0.4977676,64.19233,-447.87015,0.35190538,292.2648,-567.8714,0.23441611,4.477844,7.3025355,2.9741638,3.7596395,0.02683127,4.633169,0,-292.32776,138.99507,329.0478706359863
2498.0,65.956795,-428.40747,0.17515299,72.167206,-444.18845,0.1526883,69.587135,-450.27783,0.292255,64.19233,-451.29285,0.30260384,292.2648,-567.8714,0.2561147,8.408937,10.162488,9.713448,3.422699,0.0,5.852547,0,-296.95163,175.5764,328.3562526702881
2499.0,69.58631,-434.50806,0.30312777,73.18293,-446.07788,0.2686662,69.928535,-454.15417,0.39924127,66.14332,-453.32907,0.26003733,292.1911,-567.87585,0.27282816,7.0986295,2.145148,3.891348,2.8200297,0.07383451,3.34807,0,-299.73303,100.44209,329.07318115234375
2500.0,65.956795,-437.12,0.71004,73.18293,-446.8459,0.71593785,75.766396,-458.86243,0.53541195,68.146454,-460.33344,0.2631126,292.04916,-567.87585,0.2343867,4.4716454,0.7680054,7.499883,7.2851677,0.14193726,3.9410098,0,-302.75153,118.230286,329.95794677734375
2501.0,69.58631,-439.9868,0.31723732,74.61581,-446.8459,0.15812913,75.766396,-457.38168,0.3006495,70.35247,-463.17557,0.29485667,292.04916,-568.04626,0.23481502,4.625136,1.4328766,1.4807434,3.5978086,0.17041016,2.4813614,0,-303.63123,74.440834,330.0733642578125
2502.0,85.37063,-438.30942,0.3621813,80.33233,-448.34372,0.21932846,76.12424,-458.86243,0.42361027,70.96923,-469.49103,0.41624776,292.04916,-568.07697,0.20558341,15.873193,5.909495,1.5233685,6.3455048,0.030700684,6.35423,0,-305.1607,190.62689,327.87646484375
2503.0,75.28882,-439.9868,0.50347173,80.33233,-449.50143,0.44122198,80.6235,-459.49677,0.5198337,74.54659,-471.12143,0.5145386,292.81726,-569.58685,0.2092633,10.220394,1.1577148,4.543757,3.9313774,1.6940289,4.750579,0,-306.48267,142.51736,329.21417236328125
2504.0,85.61714,-443.6243,0.4799306,82.84282,-453.15515,0.47211903,81.41559,-461.97955,0.48474544,74.54659,-477.6379,0.52659273,292.81955,-569.6514,0.2325961,10.950149,4.433081,2.6060784,6.5164795,0.06461575,5.4909773,0,-309.75366,164.72931,328.6906986236572
2505.0,86.57742,-441.39096,0.1588528,83.83224,-454.19366,0.28261647,81.41559,-463.39346,0.44271427,74.54659,-478.44788,0.40200624,292.81955,-569.6514,0.24718292,2.431036,1.4343841,1.4139099,0.80996704,0.0,1.136793,1,-309.95947,34.10379,328.12282371520996
2506.0,85.61714,-443.6243,0.40669492,83.635,-457.7801,0.56737286,82.20075,-468.40372,0.67432255,75.21907,-497.7307,0.44863144,292.81726,-569.6514,0.2468867,2.431036,3.591845,5.0714025,19.29456,0.0022888184,6.4435444,0,-315.98206,193.30632,328.69041633605957
2507.0,82.94327,-444.60117,0.68754095,84.673386,-458.7336,0.6140642,82.87658,-474.36014,0.5038939,75.82063,-507.4258,0.41509542,292.2035,-568.2017,0.27566713,2.84673,1.4097674,5.9946384,9.713744,1.5742819,4.1300564,0,-319.2085,123.90169,329.43157386779785
2508.0,85.61714,-451.804,0.21626587,85.33227,-463.45135,0.36369607,82.87658,-486.38492,0.27716702,75.82063,-507.963,0.4051612,292.2035,-568.2017,0.2549204,7.6831126,4.7635307,12.02478,0.5372009,0.0,4.5772142,0,-324.10498,137.31642,330.6016216278076
2509.0,85.9034,-452.09082,0.21409217,85.33227,-472.61685,0.36155376,83.31876,-488.1507,0.45743415,78.79901,-508.4235,0.42155534,292.10074,-568.04193,0.2732976,0.40523574,9.165497,1.8203015,3.0137649,0.18997623,3.215191,0,-326.40875,96.45572,330.6496124267578
2510.0,85.9034,-454.41653,0.46597978,88.50849,-473.57886,0.42237926,85.094604,-491.3598,0.61330825,82.15006,-512.4837,0.6277264,292.10074,-568.04193,0.29552785,2.325714,3.3187125,3.6676934,5.2644906,0.0,3.3153968,0,-328.52017,99.4619,331.1429634094238
2511.0,89.019806,-455.19623,0.61838067,91.673836,-473.57886,0.5927911,87.57956,-491.3598,0.61499625,83.530334,-512.64575,0.50316674,81.83071,-530.8267,0.26693818,3.2124646,3.1653442,2.4849548,1.3897518,213.53795,24.300936,1,-321.2655,729.028,264.5700454711914
2512.0,89.019806,-455.19623,0.6431019,95.2902,-473.57886,0.6534174,90.96055,-491.3598,0.58754075,86.520386,-512.884,0.59029055,81.83071,-530.4898,0.3303245,0.0,3.6163635,3.380989,2.999526,0.33691406,2.2217712,0,-321.24573,66.65314,264.54589080810547
2513.0,94.57881,-457.99966,0.381165,98.955826,-473.57886,0.55717975,94.32868,-491.3598,0.4903662,87.644104,-513.3811,0.57010645,81.83071,-530.21545,0.34453827,6.2258973,3.6656265,3.3681335,1.2287726,0.27435303,2.928357,0,-321.85095,87.8507,259.9888381958008
2514.0,102.51368,-458.03552,0.3294182,98.955826,-473.57886,0.6127692,96.82791,-491.3598,0.44800353,88.29489,-513.3811,0.56142104,81.83071,-530.29224,0.3591269,7.934949,0.0,2.4992294,0.65078735,0.07678223,1.7858013,0,-321.8735,53.574036,254.026611328125
2515.0,103.66073,-467.41675,0.45247775,100.80477,-475.08014,0.44432867,98.98719,-491.8134,0.5154484,88.29489,-514.8504,0.6187259,82.13457,-530.4898,0.43958756,9.451091,2.3816898,2.206405,1.4692993,0.36243984,3.052078,0,-324.4741,91.56233,251.15577697753906
2516.0,113.043686,-472.41202,0.41323867,103.32789,-488.5845,0.5058245,100.35292,-496.77835,0.43745038,88.29489,-516.96387,0.6930332,82.56137,-530.4898,0.5007266,10.629799,13.738048,5.1493793,2.1134644,0.4268036,5.9886503,0,-329.58972,179.6595,242.30712890625
2517.0,120.41563,-473.38226,0.78394836,111.39451,-493.73526,0.6295273,100.79848,-505.1865,0.6148625,84.64322,-520.83484,0.72640365,292.08734,-568.04047,0.27033278,7.435515,9.570823,8.419939,5.3215723,212.86424,25.930286,1,-340.7799,777.90857,331.1280632019043
2518.0,123.207664,-480.97336,0.72726184,116.83806,-495.58957,0.6174379,101.69182,-510.25894,0.472948,83.63171,-524.23175,0.5748186,292.20575,-568.04047,0.28714952,8.088275,5.7507133,5.150514,3.5443146,0.1184082,5.2023377,0,-344.36285,156.07013,332.7426643371582
2519.0,130.94698,-501.05994,0.48597255,116.83806,-505.0379,0.6950121,100.79848,-515.0222,0.6404336,83.216064,-528.1766,0.52625227,292.24,-568.04047,0.29703325,21.525974,9.448334,4.846323,3.9666605,0.034240723,8.405146,0,-352.0114,252.15436,337.44823837280273
2520.0,130.94698,-507.69348,0.77042884,116.83806,-516.1957,0.5148896,100.79873,-525.42737,0.32946044,83.216064,-530.6505,0.49537432,292.24,-568.0314,0.27459803,6.633545,11.157776,10.405151,2.473938,0.009094238,6.50458,0,-358.14374,195.13739,339.48974800109863
2521.0,130.94698,-525.27563,0.64489245,115.26493,-526.481,0.70478,100.79873,-527.9775,0.5223734,82.561485,-530.6505,0.29425725,292.29544,-567.97363,0.26998037,17.582153,10.404948,2.5501099,0.65457916,0.08005356,8.298761,0,-364.2157,248.96283,345.1774673461914
2522.0,129.28458,-529.4578,0.2754998,113.777214,-528.1915,0.62479305,100.193985,-527.9775,0.44597432,81.60575,-530.6505,0.24099344,292.305,-567.958,0.29315227,4.500476,2.2669685,0.60474396,0.95573425,0.018313421,1.6813654,0,-365.39105,50.44096,346.7120532989502
2523.0,127.95084,-530.85767,0.56277853,112.43914,-528.4667,0.7840083,98.64359,-527.9775,0.70814013,79.48403,-526.2465,0.40773675,292.29544,-567.96625,0.2805903,1.9334939,1.3660698,1.5503922,4.888439,0.012614839,1.91516,0,-364.84692,57.454796,347.27613830566406
2524.0,125.59008,-530.85767,0.23751023,111.09684,-528.4667,0.55704945,97.898544,-526.403,0.5653189,78.970024,-522.1272,0.46972907,292.27396,-567.96625,0.28447807,2.3607635,1.3423004,1.7418469,4.151269,0.021484375,2.0099547,0,-363.7082,60.298637,347.449010848999
2525.0,125.25986,-530.85767,0.42240518,109.73065,-528.1915,0.516397,97.26833,-524.26575,0.663746,78.92799,-517.4663,0.5715564,292.27396,-567.958,0.2628587,0.33022308,1.3936195,2.2282462,4.661078,0.008239746,2.0535283,0,-362.29187,61.605846,347.4757385253906
2526.0,119.397804,-530.4366,0.49472082,108.585365,-525.62756,0.69860375,97.26833,-520.45996,0.8691748,78.604706,-513.1197,0.59648144,292.1095,-567.8915,0.26808706,5.8771567,2.8081305,3.8057861,4.3586245,0.17740591,3.698109,0,-360.05103,110.94326,347.7640962600708
2527.0,118.99826,-526.39484,0.29588866,107.559616,-520.5948,0.57577425,96.7101,-516.2218,0.736441,77.497765,-507.09915,0.49404743,292.08405,-567.8915,0.2123524,4.0614486,5.1362433,4.2747655,6.1214542,0.02545166,4.4661236,0,-356.18445,133.9837,346.51802158355713
2528.0,119.098694,-521.3185,0.60716146,106.07181,-516.0268,0.45876417,96.43419,-510.4371,0.79325587,76.046875,-500.98242,0.5222046,292.049,-567.8915,0.19725183,5.077348,4.8041787,5.791275,6.286451,0.03503418,5.107519,0,-351.87524,153.22557,344.9285936355591
2529.0,117.69004,-521.3148,0.78227097,105.5495,-511.35367,0.7365404,93.55321,-503.94415,0.70906436,75.973404,-497.6297,0.5206953,292.08405,-567.93774,0.20224257,1.408658,4.7022243,7.1034117,3.353527,0.058032848,3.849789,0,-348.97998,115.49366,345.0324401855469
2530.0,115.23012,-518.91205,0.8139604,104.20809,-507.4071,0.6114781,92.76133,-499.52472,0.5420327,75.973404,-492.13712,0.5325914,292.0919,-567.93774,0.22152339,3.4386811,4.168302,4.4898176,5.492584,0.007843018,3.9346337,0,-345.72772,118.03901,344.5067443847656
2531.0,115.23012,-509.4961,0.46960205,104.20809,-501.68338,0.5924117,92.76133,-495.1007,0.6609872,75.973404,-486.98035,0.61057085,292.091,-567.93774,0.21522804,9.415955,5.7237244,4.424011,5.156769,0.00088500977,5.4478707,0,-340.78363,163.43611,341.7144546508789
2532.0,114.70555,-509.4056,0.46514398,103.347496,-496.92926,0.63811684,92.63619,-490.18085,0.6305228,75.53971,-482.23938,0.70731205,292.091,-567.92804,0.18215004,0.53231347,4.831385,4.921452,4.760762,0.00970459,3.7368937,0,-337.8806,112.106804,341.7414131164551
2533.0,114.44959,-507.08496,0.7696695,102.66162,-495.70148,0.4444979,92.63619,-485.5275,0.46798256,75.973404,-477.15115,0.53956133,292.091,-567.916,0.1734016,2.334721,1.4063698,4.653351,5.1066756,0.012023926,3.071767,0,-335.2202,92.15301,341.0968818664551
2534.0,110.01676,-502.08548,0.67738366,101.764946,-492.0369,0.54542357,92.44579,-482.90387,0.5102092,75.60546,-474.34586,0.5464651,292.05035,-567.9004,0.19942358,6.6816764,3.772689,2.6305263,2.8293247,0.043549,3.8245525,0,-332.3985,114.73657,340.12235832214355
2535.0,114.44959,-494.7601,0.41388494,103.347496,-486.7844,0.50569105,92.44579,-480.0981,0.5570324,75.60546,-472.43323,0.6131566,291.99072,-567.9004,0.20121063,8.562194,5.485731,2.8057556,1.9126282,0.059631348,3.9570405,0,-328.9392,118.71121,337.6101760864258
2536.0,114.70555,-494.0892,0.4572269,103.347496,-483.40585,0.36753505,92.144745,-476.92993,0.55531,75.979225,-470.0714,0.637305,291.9874,-567.7743,0.16627069,0.7180665,3.37854,3.1824534,2.3912082,0.1261425,2.2358012,0,-326.99817,67.074036,337.4303665161133
2537.0,116.06304,-494.0892,0.19080618,103.734856,-483.0129,0.5277676,92.144745,-476.92993,0.5641493,75.98832,-467.97775,0.65679866,291.9609,-567.7743,0.1773671,1.3574905,0.55177236,0.0,2.0936782,0.026489258,0.9117383,0,-326.50085,27.352146,337.2707824707031
2538.0,119.402336,-491.79773,0.496974,105.25228,-482.80518,0.5053904,91.93411,-475.1732,0.4746792,76.23187,-466.05997,0.65827054,62.777786,-460.5309,0.25812745,4.049906,1.5315788,1.7693267,1.933189,253.03368,29.33604,1,-303.81738,880.0812,151.09349060058594
2539.0,119.402336,-490.7747,0.62891614,105.63048,-481.54233,0.43988585,92.545815,-472.61316,0.37026966,76.49383,-464.69055,0.6301271,62.777786,-458.8476,0.39128584,1.0230408,1.3182632,2.6320949,1.3942449,1.6833191,1.5180293,0,-302.23767,45.54088,150.5840301513672
2540.0,118.809685,-489.1795,0.6812073,105.97034,-477.69696,0.43190908,93.28799,-469.32892,0.3349162,77.30826,-463.62714,0.6136967,62.777786,-458.2928,0.41672662,1.7017194,3.8603568,3.3670545,1.3394586,0.5548096,2.0203924,0,-300.16907,60.61177,151.13491821289062
2541.0,118.809685,-483.83496,0.7706321,106.00453,-474.31732,0.42905354,96.40889,-468.53146,0.37187636,78.56286,-461.8359,0.7324049,62.840538,-457.1608,0.57451355,5.3445435,3.3798118,3.2211752,2.1868985,1.1337266,3.1334977,0,-297.68008,94.00493,154.51812744140625
2542.0,118.809685,-480.78864,0.49034137,106.00453,-473.68628,0.4600517,96.40889,-468.15854,0.46174714,79.35706,-461.3775,0.69832957,62.978825,-456.4683,0.6853418,3.0463257,0.6310425,0.3729248,0.91700375,0.7061772,1.1018597,0,-296.63986,33.05579,156.46168518066406
2543.0,118.809685,-480.78864,0.27426818,108.501915,-473.5221,0.30381775,96.50982,-467.67203,0.4906256,79.645676,-461.176,0.6960533,63.12237,-456.2029,0.671131,0.0,2.5027742,0.4968701,0.35199773,0.30171636,0.595947,0,-296.41638,17.87841,156.17872619628906
2544.0,120.253235,-480.78864,0.27929497,110.72793,-473.5221,0.45425856,97.60039,-467.67014,0.47157165,80.08424,-461.176,0.7000391,63.37983,-456.2029,0.6899558,1.4435501,2.2260132,1.0905702,0.43856812,0.25745773,0.9299351,0,-296.416,27.898052,156.62173461914062
2545.0,122.97494,-481.1518,0.2869284,113.460205,-473.5221,0.49336404,99.90633,-467.57104,0.4101331,82.12204,-461.176,0.6516406,63.946167,-456.2029,0.7127696,2.745824,2.732277,2.3080668,2.037796,0.5663376,1.8842916,0,-296.46875,56.528748,157.0883331298828
2546.0,125.63916,-481.56598,0.6366089,115.03635,-473.5221,0.4820406,100.03513,-467.28705,0.32821846,82.766846,-461.24652,0.6500165,64.00077,-456.86887,0.7485979,2.6962254,1.5761414,0.31184182,0.64865136,0.6681894,1.2301594,0,-296.6421,36.90478,158.16513061523438
2547.0,129.58505,-481.56598,0.58773965,117.00815,-472.92154,0.6200589,101.69591,-467.28705,0.47771636,83.387276,-461.40793,0.6309188,64.59471,-456.95016,0.6909915,3.9458923,2.06123,1.6607742,0.6410817,0.599479,1.7321546,0,-296.57056,51.964634,159.2552490234375
2548.0,135.32951,-481.56598,0.69104,118.520744,-471.95413,0.56151783,103.83134,-467.2395,0.47876364,83.70436,-461.4835,0.64436376,64.70355,-457.35306,0.6821163,5.744461,1.7955009,2.1359587,0.32596412,0.4173358,2.1241364,0,-296.46326,63.72409,161.0765838623047
2549.0,135.32951,-479.07657,0.78050846,118.657295,-471.70074,0.68122184,104.90293,-467.14746,0.6575659,84.19423,-461.58966,0.56286675,64.94659,-458.14774,0.66314995,2.4894104,0.2878391,1.0755397,0.5012415,0.83101046,1.09991,0,-296.07642,32.9973,163.43980407714844
2550.0,135.32951,-476.2908,0.78550565,118.657295,-470.95465,0.7347757,104.90293,-467.14746,0.7310065,84.93575,-461.75217,0.57732415,65.529915,-458.2897,0.6977705,2.7857666,0.74609375,0.0,0.75912166,0.60035545,1.0190661,0,-295.43097,30.571981,165.5386962890625
2551.0,137.05232,-476.2908,0.74903744,118.71108,-470.1479,0.68258053,104.90293,-466.2215,0.6857032,84.93575,-461.76562,0.59233356,65.55749,-458.3206,0.69476074,1.7228088,0.8085537,0.92596436,0.013458252,0.04140119,0.7384598,0,-295.09326,22.153793,165.8909912109375
2552.0,134.9951,-475.34073,1.0,118.657295,-470.00455,0.6699056,104.803444,-466.0819,0.6828756,84.93575,-461.76562,0.6021928,65.652306,-458.41653,0.6926609,2.2660086,0.15310037,0.17141286,0.0,0.13489385,0.70705014,0,-294.86588,21.211504,166.28421020507812
2553.0,134.17133,-475.05923,0.9150566,118.65543,-469.52145,0.7302908,104.64452,-466.0333,0.6176798,82.07248,-461.75217,0.6037089,291.8511,-567.9866,0.2094871,0.87054366,0.48309684,0.16618973,2.8633053,251.33939,18.084843,1,-316.61456,542.5452,329.4873638153076
2554.0,130.16011,-468.68997,0.30188233,113.90295,-466.47156,0.5004879,100.81611,-463.5831,0.6693783,78.07493,-460.74103,0.6568713,291.9369,-568.0141,0.19654042,7.527108,5.646946,4.545351,4.123447,0.090093166,4.6738153,0,-314.04395,140.21445,328.4518299102783
2555.0,126.67512,-464.10843,0.4829325,109.6807,-463.3752,0.6556245,95.25167,-461.8986,0.7442938,73.63416,-459.5871,0.5245632,292.07687,-568.03436,0.18014312,5.756363,5.235904,5.813823,4.588241,0.14144318,5.0133066,0,-311.94473,150.39919,327.85786056518555
2556.0,125.3091,-463.08383,0.7714349,109.54193,-460.3484,0.7655411,92.41531,-458.77985,0.7656682,72.52151,-457.83215,0.5806187,292.07687,-568.0473,0.21675605,1.7075745,3.0300045,4.215624,2.077939,0.012939453,2.6044807,0,-310.16232,78.134415,327.8137321472168
2557.0,124.69927,-462.187,0.79609764,104.098076,-459.0384,0.81831825,84.986084,-457.03503,0.8108211,68.31907,-456.094,0.6142757,292.1081,-568.0473,0.26750705,1.0845151,5.5992546,7.631371,4.5477123,0.031219482,4.364936,0,-309.02438,130.94807,327.69295501708984
2558.0,115.800606,-457.64563,0.70829153,96.45733,-457.5851,0.7381763,83.075676,-453.77838,0.7492091,67.199905,-455.55182,0.57808274,292.1301,-568.0141,0.2477896,9.990516,7.7777267,3.7756386,1.2435759,0.03983199,5.4194164,0,-307.059,162.58249,327.95665740966797
2559.0,104.24584,-455.90936,0.54431176,93.869835,-453.5395,0.46055034,79.44981,-452.45944,0.6824631,64.90769,-455.55182,0.5400713,292.1301,-567.7894,0.2172202,11.684485,4.8023114,3.858307,2.2922134,0.22467041,5.109849,0,-305.5939,153.29546,329.2273292541504
2560.0,104.24584,-450.72824,0.6166489,89.895134,-450.99493,0.8578324,77.19469,-452.45944,0.7405885,64.90769,-455.55182,0.43649107,292.16934,-567.6883,0.19917974,5.181122,4.719429,2.2551193,0.0,0.10848298,3.1343205,0,-304.02853,94.02961,328.10264015197754
2561.0,103.123985,-449.93118,0.35075644,89.01788,-450.1662,0.7382052,77.19469,-452.45944,0.7463823,64.90769,-457.1,0.40216744,292.26346,-567.6173,0.2865159,1.3761773,1.206802,0.0,1.5481873,0.11788373,0.804261,0,-303.99884,24.12783,328.10935401916504
2562.0,103.123985,-441.13705,0.14313522,88.8295,-445.59186,0.17237723,77.19469,-452.2489,0.5049426,68.87367,-459.56412,0.46045563,292.44876,-567.59033,0.18694943,8.794128,4.5782185,0.21054077,4.6691375,0.18725622,2.9561257,0,-301.77048,88.68377,326.2603569030762
2563.0,98.234055,-441.13705,0.40325323,87.939575,-445.59186,0.2544515,78.54115,-453.9639,0.51511353,72.84849,-462.82025,0.44642085,292.44876,-567.59033,0.1729279,4.8899307,0.8899231,2.180409,5.1382456,0.0,3.1332464,0,-302.76465,93.99739,326.93183517456055
2564.0,88.32293,-439.98657,0.7852256,86.30072,-445.59186,0.80365574,80.488686,-454.19955,0.5936496,73.809,-467.9261,0.5108242,292.44876,-567.59033,0.19072206,9.977675,1.638855,1.9617383,5.1953955,0.0,4.4972167,0,-303.6029,134.91649,327.9895477294922
2565.0,88.32293,-439.98657,0.20137672,84.37842,-447.68805,0.109887645,80.488686,-456.25317,0.45823854,73.809,-473.97195,0.47688362,292.4282,-567.6173,0.21671696,0.0,2.8441632,2.0536194,6.045868,0.033924405,2.832413,0,-305.64743,84.97238,327.9815101623535
2566.0,88.32293,-439.98657,0.23374285,84.005104,-449.71222,0.5247336,81.18104,-461.10107,0.46762028,74.18594,-479.16284,0.32446185,292.28503,-567.62885,0.2133064,0.0,2.058307,4.89709,5.2045555,0.14362198,2.8853436,0,-308.06232,86.5603,327.96110916137695
2567.0,86.54027,-442.8058,0.52594864,84.005104,-453.9104,0.63996583,82.18114,-469.5105,0.46492302,74.18594,-497.99194,0.4077148,292.28503,-567.75836,0.20432676,3.3355432,4.198181,8.468684,18.829102,0.1295166,7.170101,0,-314.93942,215.10303,328.7289218902588
2568.0,88.32293,-446.61908,0.4977376,84.37842,-459.55975,0.4870447,82.72758,-471.78397,0.46495822,74.97253,-506.6807,0.5115901,292.4282,-568.02,0.21929124,4.209405,5.661674,2.3382158,8.724283,0.29825988,4.8006964,0,-319.07672,144.02089,329.25599670410156
2569.0,89.69904,-460.19757,0.24819183,87.182434,-471.5472,0.40925226,86.65348,-487.12476,0.4374439,76.036285,-519.1142,0.44712543,292.44064,-568.02,0.25874162,13.648045,12.311037,15.835168,12.478925,0.012451172,11.625966,0,-329.74475,348.77896,331.9949722290039
2570.0,100.18495,-472.41165,0.5860562,93.52074,-483.7292,0.5443308,87.571365,-497.83356,0.45088074,78.50571,-520.3137,0.4703515,292.44064,-568.02,0.22441627,16.097765,13.732247,10.748067,2.7453415,0.0,10.1257,0,-337.0056,303.771,333.5589351654053
2571.0,107.6279,-479.97186,0.7767181,99.12406,-491.2808,0.6947122,90.14907,-512.31866,0.40484563,78.50571,-525.2205,0.5702893,292.44064,-568.0442,0.22873613,10.609159,9.403403,14.712678,4.9067993,0.024169922,8.796456,0,-343.9112,263.89368,334.51991271972656
2572.0,107.6279,-500.18552,0.26815706,99.12406,-510.83765,0.36116958,90.69323,-521.38544,0.40819323,78.50571,-525.917,0.51713866,292.37094,-567.988,0.25483918,20.213654,19.556854,9.083087,0.69647217,0.089545146,9.15968,0,-353.80676,274.7904,339.8463821411133
2573.0,109.18539,-520.1245,0.24304287,101.09325,-520.99194,0.45868334,91.85565,-524.69293,0.5586993,77.50734,-525.917,0.4608727,292.30093,-567.988,0.2429134,19.999733,10.3434725,3.5058165,0.9983673,0.070007324,6.1301923,0,-360.48688,183.90576,345.35153579711914
2574.0,111.49457,-526.19586,0.27735585,104.399506,-525.06195,0.15695126,92.690155,-524.69293,0.2949916,77.50172,-525.917,0.4229842,292.2911,-568.05865,0.40810138,6.495661,5.2436924,0.8345032,0.005622864,0.071358554,1.859981,0,-362.52924,55.799427,346.9631118774414
2575.0,113.764305,-527.5908,0.468632,101.09325,-525.06195,0.43507868,93.02302,-524.69293,0.7311707,77.23206,-523.17993,0.5005154,292.09247,-568.05865,0.23465736,2.6641352,3.3062592,0.33286285,2.7503114,0.19863892,1.8368979,0,-362.26086,55.106934,347.2144603729248
2576.0,114.26831,-527.5908,0.34223357,104.60064,-525.06195,0.61630994,96.360596,-522.4627,0.7639381,77.50172,-519.31476,0.6389829,292.03986,-568.09607,0.2694973,0.50400543,3.507393,4.014141,3.874568,0.0645593,3.0003724,0,-361.04926,90.01117,347.1642875671387
2577.0,114.74855,-526.19586,0.16553572,104.83277,-524.159,0.08797194,96.360596,-518.9616,0.62672156,77.50172,-513.01495,0.56959724,292.08878,-568.09607,0.35447803,1.47531,0.93231505,3.5010986,6.2998047,0.048919678,3.395292,0,-358.62946,101.85876,346.7065010070801
2578.0,116.129776,-517.7632,0.70752734,105.3867,-515.70026,0.6403778,96.360596,-512.5639,0.9038596,77.23206,-508.61673,0.6164398,292.08878,-568.1555,0.27290356,8.545048,8.476858,6.397705,4.406482,0.059448242,6.363815,0,-353.10394,190.91443,344.01898765563965
2579.0,120.16623,-512.32874,0.29651898,105.3867,-510.56168,0.25080878,96.360596,-508.33917,0.6518194,77.23206,-503.77747,0.5726804,292.08878,-568.1555,0.2533045,6.769504,5.1385803,4.2247314,4.839264,0.0,4.3558645,0,-349.1765,130.67593,342.0103225708008
2580.0,116.919304,-509.44357,0.7743149,105.3867,-506.98846,0.55166286,95.22013,-503.6559,0.8313262,76.73424,-498.47092,0.5884204,292.12393,-568.1555,0.24156453,4.34358,3.5732117,4.820121,5.3298492,0.03515625,4.179805,0,-345.8869,125.394135,341.47374153137207
2581.0,116.129776,-508.5298,1.0,104.65887,-502.6212,0.7611298,90.99821,-498.3661,0.6489093,73.457794,-493.28192,0.5076754,292.24265,-568.0248,0.23987944,1.2076268,4.427513,6.768079,6.136836,0.17659307,3.8406742,0,-342.70874,115.22022,341.3338451385498
2582.0,116.129776,-506.5628,0.62592864,99.5329,-498.99124,0.621226,89.315445,-493.80933,0.64575684,73.06234,-488.87723,0.5472178,292.31018,-568.012,0.2427292,1.96698,6.2810864,4.857548,4.42241,0.06872958,3.9907668,0,-339.79456,119.723,340.7719554901123
2583.0,111.63227,-504.9111,0.5173262,97.236694,-496.78787,0.5282835,87.33555,-490.6975,0.67819625,73.06234,-484.43423,0.63485605,292.31018,-567.893,0.21737577,4.7912083,3.1823554,3.6882775,4.442993,0.119018555,3.690828,0,-337.48874,110.72484,340.7821292877197
2584.0,106.12539,-503.03656,0.8202063,96.77121,-494.1688,0.74969715,82.30057,-485.30655,0.6322548,73.06234,-480.95096,0.5225783,292.24265,-567.8116,0.21942958,5.8171864,2.6601229,7.37655,3.4832764,0.105784655,4.508216,0,-334.7989,135.24648,340.810396194458
2585.0,105.74962,-496.57,0.77180886,90.521675,-487.3244,0.61494803,80.289055,-478.90515,0.6050759,74.34618,-478.93436,0.40769383,64.9981,-477.13416,0.32138637,6.4774613,9.268353,6.7099986,2.3905935,244.66809,34.68196,1,-312.31763,1040.4587,154.50184631347656
2586.0,97.49863,-493.2693,0.34514415,90.0258,-484.28824,0.43879202,80.05716,-477.28366,0.6218281,74.34618,-476.31958,0.41203305,64.532684,-473.72824,0.6163638,8.88671,3.0763903,1.6379887,2.6147766,3.4375665,3.5461106,0,-309.5218,106.383316,149.34202575683594
2587.0,97.49863,-485.76224,0.25068447,88.99033,-479.66962,0.15614468,78.75527,-473.92148,0.72749156,74.34618,-473.1404,0.41067916,64.4738,-471.8339,0.72924304,7.5070496,4.733272,3.605438,3.1791687,1.8952631,3.4875903,0,-305.40955,104.6277,157.13223266601562
2588.0,97.49863,-484.70142,0.68644726,88.99033,-477.54016,0.6516004,79.26222,-471.93103,0.84879875,71.89987,-470.22144,0.38259494,63.102337,-469.0754,0.50125366,1.0608215,2.1294556,2.0539918,3.8085248,3.0806081,2.2341738,0,-303.2379,67.02521,155.56802368164062
2589.0,99.698875,-484.70142,0.66812295,88.99033,-476.4198,0.7338423,79.26222,-470.79514,0.8559381,70.87606,-469.0923,0.3721767,61.85697,-467.6632,0.3851711,2.2002487,1.1203613,1.1358948,1.524195,1.8828822,1.5113044,0,-302.27838,45.33913,155.76048278808594
2590.0,99.698875,-483.37375,0.6317112,90.80878,-475.03854,0.6376301,79.26222,-468.30493,0.827852,70.87606,-467.28574,0.38970688,61.85697,-465.46674,0.5070692,1.3276672,2.2835507,2.4902039,1.8065491,2.1964722,2.062169,0,-300.43796,61.86507,154.6761932373047
2591.0,100.58424,-484.70142,0.45382065,90.80878,-474.20517,0.705654,80.130196,-465.52707,0.6960391,71.89987,-464.8145,0.39982933,61.85697,-463.30173,0.46348068,1.5957999,0.833374,2.9103088,2.674907,2.1650085,1.9901677,0,-299.05402,59.70503,151.07608032226562
2592.0,102.25012,-485.97308,0.16669942,90.80878,-473.38205,0.23239209,83.375854,-464.25067,0.7989619,73.39143,-462.6282,0.5891866,61.940987,-461.89056,0.63206,2.0957787,0.8231201,3.4876199,2.6466408,1.4136621,2.3891256,0,-298.1689,71.67377,149.1439666748047
2593.0,297.01114,-568.5876,0.16731828,41.492855,-459.50876,0.22234501,84.23772,-462.66803,0.7319118,73.993034,-460.44046,0.66590923,62.372017,-459.17105,0.5665662,211.55853,51.230152,1.802099,2.268953,2.7534592,21.740522,1,-310.6192,652.21564,154.99948120117188
2594.0,297.01114,-568.5876,0.16674289,41.492855,-459.50876,0.22947878,85.40123,-461.36902,0.78570575,74.26909,-458.84866,0.723293,62.897385,-458.0366,0.59527266,0.0,0.0,1.7439016,1.6155566,1.2502047,1.3129119,0,-309.81412,39.387356,154.7228240966797
2595.0,297.01114,-568.5876,0.15479797,41.492855,-459.4624,0.16894755,86.636055,-460.0998,0.7629731,74.5787,-457.48718,0.7518603,63.04899,-457.1331,0.64771545,0.0,0.0463562,1.7707987,1.3962404,0.91613436,1.2074498,0,-309.09805,36.22349,154.5278778076172
2596.0,118.17821,-469.95026,0.59477067,100.427536,-459.0601,0.50319725,88.94483,-457.53387,0.89866716,75.581635,-455.68173,0.8162403,63.04899,-456.1349,0.69701153,204.23158,58.936054,3.451722,2.065317,0.99819946,44.61993,1,-288.2162,1338.5978,165.93141174316406
2597.0,118.17821,-467.21478,0.49709135,101.2516,-458.36053,0.64291066,88.9623,-454.7571,0.8535993,75.768776,-454.30975,0.8971587,63.38794,-455.31335,0.6122079,2.7354736,1.080954,2.7768188,1.3846833,0.88870955,1.7731774,0,-286.53513,53.19532,167.7447052001953
2598.0,112.59059,-465.55502,0.7184479,102.051,-458.36053,0.8111021,89.24909,-453.89465,0.8911856,75.89187,-453.6295,0.88767946,63.779964,-455.26013,0.58861953,5.828915,0.7994003,0.90888965,0.6913143,0.39562136,1.6660597,0,-285.88394,49.98179,168.0900115966797
2599.0,113.35451,-463.6128,0.78446686,102.713905,-456.2934,0.8326553,89.90057,-452.71436,0.8405671,76.37779,-453.01822,0.8497177,63.810604,-455.05096,0.55857897,2.0870616,2.17083,1.3481585,0.7808773,0.21139967,1.3863502,0,-284.68195,41.590504,170.19537353515625
2600.0,115.20403,-458.80933,0.6306166,103.15485,-454.8067,0.7788772,90.836174,-452.16974,0.87747574,76.43299,-452.36285,0.85090446,63.810604,-454.77026,0.56683004,5.147236,1.550706,1.0825688,0.65768546,0.28070068,1.6526034,0,-283.1278,49.5781,175.5063018798828
2601.0,115.20403,-454.5859,0.6856644,103.483795,-453.1863,0.66931695,90.89008,-451.64108,0.8497516,76.43299,-451.93146,0.79959655,63.779964,-454.37485,0.5908883,4.223419,1.653444,0.5313976,0.43139648,0.3966016,1.4000188,0,-281.6879,42.00056,179.7648468017578
2602.0,115.20403,-453.53552,0.7490991,103.86419,-452.22144,0.7474041,90.97761,-450.9045,0.82248235,76.37779,-451.67822,0.7493893,63.148415,-453.8938,0.5785453,1.0503845,1.0371509,0.7417541,0.259181,0.793891,0.7747968,0,-280.9907,23.243902,180.3943328857422
2603.0,116.204506,-452.63516,0.65181714,104.04867,-451.20718,0.70602757,91.38387,-449.66095,0.8168523,75.996826,-450.8058,0.7618738,63.148415,-453.23453,0.61321294,1.3459549,1.0308924,1.3082411,0.95198774,0.65927124,1.0714351,0,-280.05273,32.14305,180.64724731445312
2604.0,117.75572,-452.59543,0.53657854,104.51741,-450.6324,0.67408204,91.46601,-449.24136,0.7845144,75.996826,-450.2995,0.77865404,63.148415,-453.203,0.6261416,1.5517249,0.74169594,0.4275503,0.5062866,0.03152466,0.61234844,0,-279.73834,18.370453,180.637451171875
2605.0,118.97763,-451.33582,0.5474347,105.006744,-449.3865,0.7186916,91.669044,-448.3458,0.7908024,75.996826,-449.80505,0.8025524,63.007996,-452.5894,0.6375199,1.7549033,1.3385309,0.9182952,0.4944458,0.6294786,0.9857017,0,-278.83655,29.571049,181.28306579589844
2606.0,119.43923,-451.22803,0.39867324,105.15556,-448.8024,0.68478656,91.669044,-447.5561,0.74987286,76.05383,-449.64786,0.8271331,62.99915,-452.52747,0.6451249,0.474019,0.60276645,0.78970337,0.16721356,0.06254889,0.41523045,0,-278.49634,12.456913,181.31890869140625
2607.0,121.57505,-451.22803,0.5305865,105.73762,-448.6357,0.787907,91.70725,-447.4617,0.7623287,76.05383,-449.38586,0.8292861,62.99915,-452.45206,0.65639645,2.1358185,0.6054515,0.10183068,0.2619934,0.075408936,0.5480632,0,-278.37668,16.441896,181.19711303710938
2608.0,122.37133,-451.03662,0.6311681,106.130745,-448.11432,0.8630788,91.70725,-446.65875,0.7821798,76.05383,-449.09222,0.8244739,62.884533,-452.3973,0.64960253,0.81896156,0.65299284,0.802948,0.29364014,0.12702094,0.54210013,0,-278.0038,16.263002,181.3103485107422
2609.0,123.093,-451.02673,0.73436654,106.130745,-447.8948,0.9379692,91.70725,-446.61627,0.7887575,75.73843,-449.07938,0.8292697,62.182518,-452.3973,0.63951,0.72173977,0.21951294,0.04248047,0.31566837,0.7020149,0.37663928,0,-277.9469,11.299178,181.2890167236328
2610.0,123.96838,-451.02673,0.79139596,106.130745,-447.53995,0.9695095,91.706,-446.02466,0.81122565,75.73843,-448.87543,0.82886916,62.1413,-452.3973,0.6419441,0.87538147,0.3548584,0.5916151,0.20394897,0.041217804,0.423516,0,-277.7168,12.70548,181.26991271972656
2611.0,123.96838,-450.88568,0.78399086,105.94825,-447.45084,0.988769,91.706,-446.02286,0.8159148,75.73822,-448.8111,0.82196695,62.116226,-452.219,0.65494514,0.14105225,0.20308939,0.0018005371,0.06433138,0.1800685,0.11896794,0,-277.6219,3.5690382,181.2349090576172
2612.0,123.96838,-449.76263,0.7951311,105.536026,-447.15442,0.9718325,91.34317,-445.79617,0.8351704,75.59775,-448.8111,0.8253573,62.000843,-452.219,0.63541573,1.1230469,0.50773185,0.42782277,0.14047241,0.11538315,0.47575808,0,-277.2927,14.272741,182.2699737548828
2613.0,124.171616,-449.76263,0.663899,105.536026,-446.61145,0.84875965,91.34317,-445.79617,0.8313603,75.59775,-448.5339,0.7630161,62.000843,-452.219,0.62151194,0.20323181,0.54296875,0.0,0.27719116,0.0,0.2165124,0,-277.12866,6.4953713,182.2625732421875
2614.0,124.2628,-449.76263,0.8035909,104.34593,-446.61145,0.7707499,91.34317,-445.73346,0.9144945,75.784645,-448.49918,0.6987622,62.116226,-452.219,0.5511299,0.09118652,1.190094,0.06271362,0.19009654,0.11538315,0.33281812,0,-277.10913,9.984543,182.26344299316406
2615.0,195.10397,-448.03217,0.14340611,104.34593,-446.20816,0.36904043,92.249695,-445.79617,0.8236698,76.124084,-447.9392,0.6877288,61.09949,-452.20233,0.2646142,70.862305,0.4032898,0.90869135,0.6548146,1.0168716,5.147041,0,-276.5796,154.41122,181.78245544433594
2616.0,195.10397,-445.67285,0.14239407,106.80025,-446.16516,0.1830621,92.3985,-445.79617,0.5948637,76.124084,-445.51544,0.6066224,60.089706,-451.15375,0.2524967,2.359314,2.454692,0.14880371,2.423767,1.455745,1.5239148,0,-275.4047,45.71744,182.32464599609375
2617.0,195.10397,-448.34488,0.14265144,106.80218,-446.16516,0.27123913,92.3985,-445.39404,0.6441268,76.124084,-444.75873,0.5003364,291.96808,-568.22473,0.25410745,2.6720276,0.0019302368,0.40213013,0.75671387,259.75604,36.980255,1,-299.12155,1109.4076,308.9385566711426
2618.0,127.38951,-446.27426,0.43877083,106.80218,-446.16516,0.62702394,92.249695,-445.2183,0.7445204,71.82576,-442.43622,0.5219456,292.09756,-568.08026,0.27716017,67.74612,0.0,0.2302843,4.885657,0.19400589,12.454979,0,-298.17886,373.64935,323.51608657836914
2619.0,122.08577,-446.27426,0.8558758,106.80218,-445.02267,0.8087022,89.034325,-443.4288,0.738045,67.508446,-439.01862,0.47250566,292.13596,-567.8381,0.21793586,5.3037415,1.1424866,3.6797934,5.506288,0.24521147,3.502779,0,-296.8605,105.08337,324.4401550292969
2620.0,120.93512,-448.34488,0.48303345,98.47965,-443.81747,0.6837282,81.553085,-440.19678,0.78334856,63.84398,-434.50928,0.47551095,292.17474,-567.8381,0.21175812,2.3688505,8.409336,8.149535,5.8105464,0.03878784,6.0852265,0,-295.48532,182.5568,325.0921745300293
2621.0,109.5835,-448.34488,0.6368376,90.33462,-443.4988,0.5733062,77.5131,-434.72104,0.6311981,63.163662,-431.41437,0.5286759,292.17474,-567.8498,0.20094138,11.351616,8.151266,6.8047924,3.1688006,0.01171875,6.952698,0,-293.70978,208.58093,326.7954864501953
2622.0,102.88243,-446.27426,0.25850594,89.48304,-440.50284,0.56728387,75.95399,-431.07043,0.6892611,63.163662,-431.41437,0.50815785,292.13596,-567.8381,0.17595327,7.013689,3.1146479,3.9696023,0.0,0.04051945,2.8752735,0,-291.96402,86.2582,327.28602600097656
2623.0,101.535805,-439.49545,0.74187136,88.672874,-432.296,0.7309171,72.68978,-428.0796,0.49997032,63.761436,-431.41437,0.47029436,292.13586,-567.6621,0.22012542,6.91127,8.24674,4.4272103,0.5977745,0.17596437,5.1398335,0,-288.3335,154.19499,326.0816307067871
2624.0,97.02899,-428.23956,0.51022273,83.88513,-425.3705,0.7591709,72.68978,-428.0796,0.5626511,63.84398,-433.17902,0.26044443,292.13586,-567.6621,0.22727858,12.12462,8.419305,0.0,1.7665778,0.0,5.620409,0,-285.05017,168.61226,324.4505615234375
2625.0,86.39286,-421.0959,0.22824946,83.56404,-423.07834,0.28110364,72.68978,-427.49728,0.57752115,64.831055,-435.3437,0.44135186,292.13586,-567.64545,0.21242422,12.81247,2.3145554,0.5823059,2.3791022,0.016662598,2.8523388,0,-283.47614,85.57016,324.53794860839844
2626.0,86.39286,-414.97644,0.37785357,82.18866,-422.88052,0.24882907,73.73401,-428.0796,0.48812515,65.671486,-438.69897,0.4279949,292.13824,-567.64545,0.23909667,6.119446,1.3895341,1.1956135,3.45894,0.002380371,2.650317,0,-283.0002,79.50951,323.4235191345215
2627.0,66.97847,-414.97644,0.5896848,76.7049,-422.46384,0.5426022,74.64405,-428.75394,0.5580911,66.32421,-442.2416,0.4387299,292.13824,-567.803,0.24053371,19.41439,5.499565,1.1326605,3.602263,0.15753174,7.040257,0,-283.79175,211.2077,325.8334197998047
2628.0,78.92199,-414.97644,0.6535038,76.7049,-422.46384,0.6350156,75.17703,-429.79016,0.44225028,70.37749,-443.82678,0.4009323,292.1593,-567.8488,0.25067356,11.94352,0.0,1.16526,4.352221,0.05044274,4.230258,0,-284.3252,126.90773,324.36280822753906
2629.0,86.39286,-415.61963,0.3553956,79.143,-422.46384,0.31173074,77.156364,-434.9383,0.34438485,70.37749,-445.573,0.4202418,292.1796,-567.803,0.24479851,7.4985065,2.438095,5.5155253,1.7462158,0.05012905,3.620845,0,-285.82355,108.62534,323.51634216308594
2630.0,87.32226,-419.02274,0.21984218,76.7049,-426.99594,0.6109992,78.67308,-440.2118,0.6297536,73.51995,-454.2937,0.3715792,292.23737,-567.803,0.23391016,3.527735,5.146288,5.4872775,9.269613,0.057769775,5.2434764,0,-290.20944,157.30429,324.0181770324707
2631.0,86.13849,-419.32977,0.53557456,79.143,-431.80865,0.58992445,78.81345,-444.22855,0.46148142,74.5163,-477.28467,0.53159827,292.26642,-567.84644,0.20050684,1.2229397,5.3950458,4.019206,23.012545,0.052274037,7.734231,0,-296.64362,232.02692,324.22697830200195
2632.0,86.13849,-442.48126,0.13210683,82.308235,-445.95697,0.1394462,80.916115,-462.56125,0.42677537,74.55311,-482.8891,0.43862084,292.26642,-567.84644,0.20119148,23.15149,14.498054,18.45289,5.604552,0.0,11.518729,0,-308.89102,345.56186,328.6924076080322
2633.0,87.32226,-458.7076,0.3262672,79.143,-457.2061,0.2617274,81.64317,-473.33438,0.43071735,74.744514,-493.10254,0.3980537,292.26642,-567.84644,0.21909551,16.269472,11.685945,10.797638,10.215233,0.0,10.443227,0,-318.5834,313.29678,331.96337890625
2634.0,90.87007,-458.73947,0.3845023,84.73366,-466.4151,0.55297667,81.75689,-482.1433,0.4820044,74.75569,-506.83408,0.47812578,292.1745,-568.05676,0.23183495,3.5479565,10.773181,8.809664,13.731541,0.22953562,8.540459,0,-324.98175,256.21375,331.4960651397705
2635.0,86.13849,-458.73947,0.17149995,86.60984,-471.79282,0.32516378,84.637634,-487.79596,0.3916611,80.152534,-511.74683,0.4716548,292.1632,-568.05676,0.25512424,4.7315826,5.695603,6.344378,7.2980156,0.011291504,5.3206124,0,-328.17038,159.61836,332.0494556427002
2636.0,90.87007,-467.50128,0.4152305,91.24617,-472.89795,0.6119997,84.637634,-492.02908,0.45755026,84.33751,-516.4934,0.6193457,292.1632,-568.05676,0.217659,9.95777,4.766222,4.233124,6.328037,0.0,5.559431,0,-331.9397,166.78293,333.4556941986084
2637.0,95.47837,-468.6166,0.41138664,98.398026,-473.59158,0.57815427,91.44682,-492.1802,0.41439557,87.75007,-516.54694,0.64883614,292.1745,-567.76294,0.27614826,4.7413473,7.1854134,6.8108654,3.4129791,0.2940401,4.8189096,0,-332.28366,144.56728,333.24922943115234
2638.0,110.9541,-471.22733,0.53552854,104.44844,-481.15765,0.5070053,97.21626,-502.9697,0.38654387,87.828,-521.06604,0.61875296,292.23672,-567.76294,0.24335842,15.694397,9.687773,12.235176,4.519776,0.06222534,9.103461,0,-337.38074,273.10382,331.964054107666
2639.0,118.2231,-477.6346,0.66476226,110.35534,-490.99246,0.71864927,102.09669,-511.96735,0.4135528,87.828,-521.68036,0.57547444,292.23672,-567.6814,0.22057769,9.689771,11.472354,10.236027,0.61431885,0.08154297,7.4394603,0,-342.53528,223.18379,332.63980293273926
2640.0,121.668655,-499.1198,0.28246588,120.2639,-507.53137,0.40618598,108.30117,-515.27234,0.5304658,87.828,-525.26935,0.5082648,292.23672,-567.6814,0.25049415,21.759726,19.279915,7.0298357,3.5889893,0.0,9.87466,0,-351.51886,296.23978,338.10183334350586
2641.0,130.53642,-505.96198,0.18252559,122.044975,-510.54352,0.45543563,108.41472,-518.1931,0.41764477,86.24727,-526.5436,0.5836628,128.32933,-533.32495,0.2758765,11.200558,3.4993215,2.9229827,2.030366,167.4694,27.279806,1,-347.45746,818.39417,265.3885192871094
2642.0,131.03963,-507.3208,0.8390896,122.044975,-512.34204,0.7123073,108.41472,-520.379,0.627677,86.06616,-526.85724,0.5043352,128.32933,-533.32495,0.33052635,1.4490073,1.798523,2.185913,0.3621905,0.0,1.3443091,0,-348.5888,40.32927,264.0498046875
2643.0,132.80049,-515.3643,0.39035115,122.044975,-518.70764,0.5005924,108.30117,-522.03784,0.34378698,85.815,-527.5054,0.45291454,128.32933,-533.32495,0.25158116,8.234004,6.3656006,1.6626953,0.6950947,0.0,3.757765,0,-351.93207,112.73295,256.0208053588867
2644.0,132.80049,-525.7413,0.7756324,117.62557,-526.033,0.7044574,101.763535,-525.415,0.53143954,81.98691,-527.5054,0.46134207,292.0778,-568.11273,0.24137749,10.376953,8.555249,7.358378,3.8280945,167.40295,22.164293,1,-363.10547,664.9288,345.1030082702637
2645.0,131.03963,-531.19525,0.82848716,113.49679,-528.1325,0.6595357,100.97094,-525.415,0.6084727,80.450356,-526.5436,0.3615959,292.0778,-568.11273,0.2616191,5.7311897,4.6319227,0.7925949,1.812743,0.0,3.287441,0,-364.42377,98.62322,347.08823013305664
2646.0,128.66508,-533.02856,0.39840072,113.23608,-528.1325,0.591634,99.27077,-525.415,0.5632793,76.70252,-524.91266,0.46432528,292.0778,-568.11273,0.24613856,2.9999144,0.26071167,1.7001724,4.0873165,0.0,1.8574837,0,-364.4643,55.72451,347.8827314376831
2647.0,123.69524,-533.02856,0.8711133,110.20412,-528.1325,0.64928186,98.93675,-525.1891,0.4746807,78.81064,-520.8089,0.48850212,292.04358,-568.12396,0.21266235,4.9698486,3.0319595,0.4032279,4.613567,0.03600641,3.2455182,0,-363.60065,97.36554,348.2242660522461
2648.0,121.08628,-533.02856,0.32219368,109.3079,-526.8904,0.47397366,97.73445,-523.5316,0.55560404,76.40574,-516.9484,0.54923373,291.94095,-568.0887,0.3085893,2.6089554,1.5316931,2.0476172,4.548274,0.108524665,2.369571,0,-362.24152,71.08713,348.403639793396
2649.0,121.08628,-528.7785,0.55776423,109.3079,-526.0062,0.3759865,97.73445,-521.4763,0.723156,76.40574,-514.26105,0.5313156,291.94095,-568.0887,0.21508901,4.250061,0.8841553,2.0552979,2.687378,0.0,2.3372376,0,-360.2661,70.11713,347.04290294647217
2650.0,120.47032,-528.76526,0.4308042,109.12287,-523.0019,0.5584902,98.14014,-517.3614,0.86467904,76.84806,-509.52377,0.5736884,118.72629,-530.61523,0.2648143,0.61610156,3.0100257,4.1348786,4.7578793,177.22183,20.49498,1,-350.39746,614.84937,226.6884307861328
2651.0,120.47032,-527.8182,0.598116,109.12287,-520.68475,0.7651278,98.14014,-514.33307,0.87594885,76.84806,-505.08493,0.59726924,291.94095,-568.12396,0.20544311,0.9470825,2.3171387,3.0283203,4.438843,177.2293,14.482289,1,-355.753,434.46866,346.7722234725952
2652.0,120.47032,-521.8856,0.28751197,109.12287,-516.90765,0.5790225,97.73445,-511.69003,0.7335099,76.84806,-501.34158,0.58631647,291.81528,-568.195,0.17072022,5.932556,3.7770996,2.6739895,3.7433472,0.14436302,3.4252262,0,-352.54803,102.75678,344.8760118484497
2653.0,120.47032,-520.1249,0.62464726,109.12287,-512.1418,0.37667793,96.68915,-506.756,0.6829581,76.84806,-495.14734,0.62185305,291.81528,-568.3637,0.17819661,1.7607422,4.765869,5.043533,6.1942444,0.16870117,4.1143975,0,-349.05072,123.43192,344.2764711380005
2654.0,120.47032,-519.1808,0.4866009,108.42083,-509.32556,0.76103103,96.50829,-500.65372,0.743306,76.865265,-489.17136,0.5783014,291.81528,-568.195,0.20413534,0.9440918,2.9024086,6.1049743,5.9760075,0.16870117,3.8568368,0,-345.8493,115.7051,344.0365152359009
2655.0,122.05782,-516.097,0.75912803,106.45804,-505.89005,0.6628688,95.98019,-495.36526,0.51574504,76.718895,-481.32928,0.57373524,291.9079,-568.195,0.21330746,3.4684277,3.9566808,5.314755,7.843437,0.09262085,4.593615,0,-341.91937,137.80844,342.9476795196533
2656.0,122.05782,-513.1046,0.81777793,106.45804,-500.6839,0.6828045,92.66412,-487.24326,0.41830304,76.196724,-477.65225,0.6049681,291.9079,-568.195,0.20016916,2.9923706,5.2061462,8.772873,3.7139237,0.0,4.3752937,0,-337.9198,131.2588,342.02967643737793
2657.0,122.05782,-507.29114,0.80483776,105.53321,-492.90704,0.5398662,92.34837,-482.35287,0.50210685,75.40426,-473.54022,0.5686513,291.92334,-568.32416,0.20673446,5.8134766,7.8316526,4.9005637,4.187695,0.13007027,5.253529,0,-333.42712,157.60587,340.236536026001
2658.0,117.7366,-504.20786,0.8746911,103.14823,-490.2898,0.54679215,91.83788,-478.78217,0.49487522,74.925804,-467.93915,0.5537399,291.94345,-568.27997,0.22394384,5.308444,3.5409203,3.607016,5.6214724,0.048550628,4.264271,0,-330.44382,127.928116,339.8068161010742
2659.0,115.969025,-501.00195,0.75429577,103.08791,-486.18918,0.6098568,90.27178,-473.51187,0.45486534,74.126915,-464.16412,0.54123574,291.94345,-568.27997,0.21479252,3.6608934,4.10106,5.4980607,3.8586311,0.0,3.8258586,0,-327.17346,114.77575,339.07729721069336
2660.0,112.6162,-496.52075,0.71449906,103.08791,-481.85947,0.7296366,90.154175,-470.2576,0.5232115,74.126915,-460.9031,0.70308065,291.94345,-568.27997,0.22157188,5.5966573,4.329712,3.2563968,3.2610168,0.0,3.8570077,0,-324.10815,115.71023,338.19079208374023
2661.0,112.6162,-495.0682,0.6402169,103.08791,-481.1911,0.6308103,90.154175,-468.0989,0.5198343,74.126915,-458.02298,0.62245315,61.846382,-451.58392,0.27571985,1.4525452,0.6683655,2.1586914,2.880127,257.99734,28.040344,1,-299.33704,841.21027,139.41998291015625
2662.0,112.6162,-494.20026,0.8627957,103.08791,-480.29965,0.6400969,90.2371,-466.66785,0.55225694,75.233955,-456.65192,0.70976114,61.846382,-449.93503,0.4541492,0.86795044,0.891449,1.4334613,1.7622012,1.6488953,1.2769885,0,-298.09494,38.309654,138.91546630859375
2663.0,112.6162,-494.06693,0.64501816,103.37583,-477.90326,0.6269127,90.27178,-463.33984,0.55762786,76.13703,-455.7405,0.7279095,61.846382,-448.7009,0.44647467,0.1333313,2.413627,3.3281837,1.2830472,1.2341309,1.6444962,0,-296.4943,49.334885,138.2172088623047
2664.0,112.6162,-490.54318,0.63224924,103.37583,-475.06546,0.69105923,90.90812,-462.65558,0.5082045,76.69607,-455.3089,0.6716928,62.99576,-448.19296,0.51943535,3.5237427,2.837799,0.9344217,0.706264,1.256611,1.9158639,0,-294.8972,57.475914,139.51979064941406
2665.0,110.44754,-488.1882,0.59453696,103.37583,-472.55637,0.75687546,92.87723,-462.1175,0.5206867,77.73437,-453.52444,0.72817355,63.052658,-448.02444,0.5050229,3.201411,2.5090942,2.0413048,2.0645444,0.17786376,2.0798283,0,-293.42618,62.394844,139.7211151123047
2666.0,110.44754,-477.06793,0.47966987,103.37583,-467.95993,0.3496576,93.723595,-460.01617,0.7011024,78.435104,-452.29303,0.7693022,63.060005,-446.71252,0.584679,11.12027,4.5964355,2.2653644,1.4168327,1.3119408,3.600917,0,-289.35388,108.027504,147.35726928710938
2667.0,110.44754,-476.91348,0.55071497,103.591896,-466.88034,0.49371967,94.87799,-459.06696,0.70111287,78.435104,-451.21503,0.8199484,63.060005,-445.34714,0.6522212,0.15444946,1.1009986,1.4945389,1.0780029,1.365387,1.072476,0,-288.42862,32.17428,146.33114624023438
2668.0,110.87398,-476.91348,0.38006064,104.623634,-466.59097,0.5922791,94.99782,-458.1292,0.7407688,78.435104,-450.57306,0.8664597,63.052658,-444.99954,0.6642268,0.42643738,1.0715492,0.94536906,0.6419678,0.34767285,0.7041755,0,-287.98526,21.125263,146.2825164794922
2669.0,114.05268,-476.91348,0.35467798,106.19771,-465.45215,0.66827846,96.02159,-457.57928,0.81610143,78.36411,-449.98383,0.79395413,63.052658,-444.99622,0.6607852,3.1787033,1.9428406,1.1621234,0.59349453,0.003326416,1.1681323,0,-287.52896,35.04397,147.96047973632812
2670.0,117.94141,-476.91348,0.5948487,108.39861,-465.05414,0.78311217,96.52583,-456.92386,0.8831563,78.36411,-449.56516,0.8022436,62.848724,-444.48465,0.64811754,3.8887253,2.2366033,0.82694817,0.41867065,0.5507167,1.4786141,0,-287.1323,44.35842,149.5179443359375
2671.0,122.82439,-476.69626,0.6945103,110.15089,-464.07166,0.7063319,97.46962,-456.28564,0.89676434,78.36411,-449.29343,0.751901,62.848724,-444.25546,0.6063244,4.8878098,2.008914,1.1393201,0.27172852,0.22918701,1.6900588,0,-286.66452,50.701763,151.59107971191406
2672.0,122.82439,-476.69626,0.6542362,110.655045,-462.4236,0.71896076,97.482735,-455.03122,0.8714388,79.27515,-448.96768,0.7111008,62.848724,-443.92865,0.6251308,0.0,1.7234309,1.2544936,0.9675184,0.32681274,0.9005073,0,-285.9535,27.015217,151.35006713867188
2673.0,122.82439,-473.4759,0.7879737,110.655045,-461.2593,0.872048,98.187965,-454.3873,0.81774193,80.01299,-448.32947,0.74525344,63.37093,-443.88126,0.6295696,3.2203674,1.1643066,0.95497876,0.97556883,0.5243516,1.3993155,0,-284.81067,41.97946,153.536865234375
2674.0,121.47525,-468.23785,0.48255607,110.655045,-459.42047,0.6875309,98.52409,-453.24466,0.79799765,80.073616,-447.87775,0.74710315,63.527004,-443.53012,0.68205935,5.408993,1.8388367,1.1910527,0.455771,0.3842593,1.5976031,0,-283.00616,47.92809,156.9077606201172
2675.0,121.47525,-465.47412,0.5498354,110.655045,-458.66232,0.70875096,99.18089,-453.11667,0.81269324,80.326225,-447.46744,0.75425607,63.71503,-443.31213,0.70414543,2.763733,0.7581482,0.6691539,0.4818348,0.28787547,0.8972161,0,-282.15054,26.916481,159.0087127685547
2676.0,121.47525,-465.47412,0.44848958,110.655045,-458.2488,0.6526331,99.76597,-452.73032,0.83439076,80.530075,-446.99042,0.717466,63.832924,-442.82617,0.7201942,0.0,0.41351318,0.7011287,0.51875144,0.50005776,0.47053993,0,-281.79797,14.116197,158.54989624023438
2677.0,122.91682,-464.448,0.4874769,111.49298,-458.07623,0.766801,99.836555,-451.91516,0.84966797,81.53232,-446.48596,0.70114523,63.98694,-442.70816,0.7404317,1.7694751,0.85552335,0.8182055,1.1220367,0.19402887,0.88680094,0,-281.27072,26.604027,159.75045776367188
2678.0,125.687195,-465.47412,0.44013122,113.03295,-457.38766,0.83654255,100.05315,-451.37088,0.86447096,81.60156,-446.2781,0.7287391,63.98694,-442.64368,0.7590285,2.954306,1.686901,0.58579296,0.21908578,0.06448364,0.9442083,0,-281.17487,28.326248,159.6944122314453
2679.0,127.397606,-464.448,0.7004595,114.06145,-456.5393,0.80706155,100.29646,-450.38275,0.86421657,81.60156,-445.38565,0.7449276,63.98694,-442.64368,0.806826,1.9946014,1.3332349,1.017645,0.89245605,0.0,1.0239404,0,-280.4239,30.718212,161.02401733398438
2680.0,127.397606,-464.13202,0.89506036,114.06145,-456.52805,0.8906695,100.51384,-450.2309,0.8469576,81.53232,-445.28265,0.730384,63.952957,-442.64368,0.77306396,0.315979,0.011260986,0.26516545,0.12410935,0.033981323,0.1533681,0,-280.3075,4.6010427,161.2890625
2681.0,131.2819,-463.81772,0.41711152,114.94745,-454.03488,0.7305027,100.87499,-449.22845,0.896149,80.44233,-444.46014,0.5832189,59.777367,-443.03033,0.30509368,3.8969953,2.645915,1.065514,1.3655027,4.1934543,2.2472043,0,-279.4583,67.41612,163.7901153564453
2682.0,131.33371,-452.58075,0.5564727,114.06145,-450.06012,0.6011738,100.87499,-446.87988,0.8604102,78.84895,-443.78238,0.61353683,59.777367,-443.2726,0.30998585,11.237088,4.072313,2.3485718,1.7315348,0.24227905,4.0316777,0,-275.85913,120.950325,172.58851623535156
2683.0,131.2819,-448.99948,0.40879598,113.61933,-445.75003,0.6662851,100.29646,-443.5323,0.7556214,78.80182,-441.99973,0.6784646,59.712563,-443.58093,0.2887627,3.5816429,4.3327055,3.397218,1.7832768,0.3150559,2.9374774,0,-273.31647,88.12431,175.67037963867188
2684.0,122.47457,-442.99515,0.3440535,113.14264,-439.24506,0.63245267,95.39812,-439.31836,0.8199907,72.987686,-441.99973,0.5907118,59.712563,-443.6239,0.1902464,10.659323,6.522417,6.4615,5.8141327,0.04296875,6.414669,0,-269.98044,192.44006,180.57398986816406
2685.0,116.229324,-428.27933,0.51207393,100.516716,-429.54706,0.6309567,82.96279,-434.9097,0.6857034,69.17489,-441.99973,0.61368525,292.1348,-567.70374,0.21275999,15.9861965,15.920588,13.193696,3.8127975,263.469,32.26667,1,-289.0319,968.00006,321.5993118286133
2686.0,109.21541,-416.19803,0.6707712,92.10278,-427.02475,0.8672066,80.38716,-434.9097,0.66128826,69.17489,-443.67484,0.5909975,292.22733,-567.8423,0.20726542,13.96971,8.783866,2.5756302,1.6751099,0.16660649,6.5773025,0,-286.47388,197.31906,320.3547477722168
2687.0,100.46055,-416.19803,0.3899248,91.89628,-427.02475,0.6803027,78.7473,-434.9097,0.643306,69.17489,-446.43527,0.42566174,292.22733,-567.8423,0.23091257,8.75486,0.20650482,1.6398621,2.760437,0.0,2.4404664,0,-287.02603,73.21399,321.66395568847656
2688.0,96.00715,-416.19803,0.6114975,84.32971,-427.02475,0.5547335,78.7473,-435.4794,0.426623,70.20729,-453.29987,0.46195492,292.22733,-567.8423,0.23749825,4.4533997,7.5665665,0.56970215,6.9417934,0.0,4.5240507,0,-288.51285,135.72151,322.3021812438965
2689.0,92.79188,-423.03424,0.37666687,82.976814,-433.48004,0.5577715,77.297386,-445.1376,0.43018666,70.52951,-462.69138,0.58105147,292.22733,-567.75635,0.236829,7.5545855,6.595538,9.766429,9.397037,0.0859375,7.425534,0,-294.96393,222.766,324.03315353393555
2690.0,86.35617,-434.78607,0.13806936,79.271805,-443.97943,0.225266,77.297386,-452.32062,0.3901968,70.86943,-463.2162,0.495232,292.2371,-567.7387,0.2294465,13.398652,11.1339245,7.183014,0.6252775,0.02016203,5.056864,0,-300.9522,151.7059,327.1466636657715
2691.0,86.35617,-438.4277,0.71096885,79.271805,-446.12238,0.6778148,78.81769,-458.9791,0.41173616,74.28602,-482.44086,0.49427474,292.2072,-567.60004,0.2538699,3.641632,2.1429443,6.829835,19.525906,0.14185382,6.4900155,0,-307.25803,194.70045,327.8915710449219
2692.0,88.00014,-447.0554,0.2819158,82.976814,-456.35828,0.29894328,79.85079,-472.75455,0.40240273,74.28602,-491.8391,0.5397071,292.17233,-567.54,0.24588363,8.782914,10.885805,13.8141365,9.398254,0.06945329,9.2593975,0,-315.65347,277.78192,329.45461082458496
2693.0,88.00014,-461.27997,0.16160466,85.00354,-469.18405,0.29134196,80.8868,-477.30414,0.3940038,74.910255,-501.40042,0.52747464,291.97144,-567.54,0.25111064,14.224579,12.98492,4.666058,9.581666,0.20089722,8.012612,0,-323.8857,240.37836,332.48248291015625
2694.0,79.59953,-470.32666,0.37325117,85.00354,-478.10184,0.48675802,84.43409,-491.1119,0.4621698,75.23078,-517.6837,0.39845833,291.97144,-567.54,0.29176328,12.345557,8.917786,14.256148,16.28645,0.0,10.945648,0,-333.49683,328.36942,335.40404319763184
2695.0,88.00014,-483.45117,0.20697302,88.1183,-495.93558,0.34406412,85.3632,-507.80093,0.38226506,76.183716,-517.9104,0.45908302,291.97144,-567.5054,0.26117712,15.582778,18.103703,16.714869,0.9795252,0.034606934,9.858885,0,-343.0647,295.76654,337.60401153564453
2696.0,79.59953,-501.29276,0.25506073,88.73977,-508.50095,0.2832477,85.39172,-517.95154,0.6029074,77.034645,-525.20636,0.3708117,292.0444,-567.70703,0.2536753,19.72035,12.580728,10.150644,7.3454137,0.2144553,9.906206,0,-352.67572,297.18616,342.63977241516113
2697.0,36.93783,-504.3149,0.42457017,96.52837,-510.42197,0.58272135,86.39213,-519.9155,0.6089092,77.5526,-525.20636,0.46976742,292.0444,-567.70703,0.2007731,42.768612,8.022013,2.2041013,0.51795197,0.0,10.678204,0,-354.05713,320.3461,346.0450677871704
2698.0,36.93783,-507.377,0.459339,96.56261,-510.9578,0.281197,89.34893,-522.03094,0.47043678,77.5526,-525.20636,0.43051228,292.0444,-567.5054,0.2321679,3.0621033,0.5369201,3.6356118,0.0,0.20166016,1.769094,0,-355.1595,53.07282,346.7375030517578
2699.0,100.15125,-512.4053,0.25544056,98.30663,-519.2062,0.19117032,89.56006,-522.03094,0.6125782,78.37446,-522.55835,0.38840824,70.80888,-522.0238,0.41592714,63.41309,8.430743,0.21112823,2.7726185,225.8622,60.61549,1,-348.1889,1818.4646,198.14932250976562
2700.0,129.53972,-516.72797,0.15592366,112.52545,-519.88245,0.17812304,97.67734,-522.03094,0.6822039,80.80554,-521.268,0.5477967,69.64335,-519.5077,0.636512,29.704674,14.234892,8.117279,2.7523003,2.7729583,7.260693,0,-348.42743,217.82079,182.65713500976562
2701.0,129.53972,-520.7648,0.5282738,112.52545,-521.2636,0.8189338,97.67734,-520.69684,0.72416085,80.80554,-519.87006,0.61774343,69.64335,-519.2486,0.3161399,4.036804,1.3811646,1.3341064,1.3979492,0.25909424,1.7220562,0,-348.91278,51.661682,178.5499725341797
2702.0,129.53972,-522.5858,0.8134876,112.52545,-519.88245,0.8029623,97.67734,-520.4318,0.78653234,80.80554,-518.98474,0.691939,69.64335,-519.2486,0.36837956,1.8210449,1.3811646,0.26501465,0.88531494,0.0,0.9850277,0,-348.7707,29.550829,176.81097412109375
2703.0,128.29257,-522.5858,0.72820574,110.73674,-519.39105,0.7628099,93.56342,-519.7549,0.6849116,78.47938,-517.08734,0.5743507,68.191696,-518.5956,0.51700926,1.2471466,1.8549818,4.169237,3.0018606,1.5917675,2.3645966,0,-348.02692,70.9379,176.20156860351562
2704.0,123.536736,-523.1682,0.78940797,103.06692,-519.39105,0.853775,88.374916,-516.12256,0.8056747,74.805855,-514.5375,0.5754271,68.07873,-516.3191,0.23375966,4.791364,7.6698227,6.333592,4.471754,2.2792907,5.6903563,0,-346.45166,170.71068,172.95956420898438
2705.0,115.165016,-523.1682,0.86282456,97.68246,-519.0452,0.88064975,85.55583,-513.7614,0.7200249,74.52672,-511.04034,0.5197842,67.24174,-510.40598,0.42691055,8.371719,5.3955545,3.6772602,3.5082538,5.97206,5.570272,0,-344.02826,167.10815,165.087890625
2706.0,109.2687,-522.5858,0.4918182,95.450645,-517.2496,0.633556,84.87068,-511.31158,0.78578013,74.52672,-507.36285,0.40239006,66.99803,-505.88248,0.41619197,5.9250093,2.8644993,2.5438344,3.6774902,4.530059,3.6973908,0,-341.4225,110.921715,158.43844604492188
2707.0,107.19441,-522.3029,0.6387547,95.22529,-514.94275,0.64679515,83.34791,-507.9748,0.7736966,74.52672,-503.89078,0.44786274,65.86282,-501.86743,0.51388085,2.09349,2.3178055,3.667836,3.4720764,4.172444,3.10273,0,-338.73975,93.081894,153.69091796875
2708.0,107.19441,-521.1575,0.8648475,94.69949,-512.76105,0.66675353,83.34791,-505.08228,0.7284666,74.92755,-501.49515,0.53388447,65.651184,-498.60184,0.6723366,1.1454468,2.2441664,2.892517,2.428932,3.2724454,2.3341966,0,-336.36353,70.025894,151.5005340576172
2709.0,103.60874,-515.2543,0.45924023,91.73175,-506.95285,0.64471334,82.670105,-498.89142,0.6838284,74.92755,-496.18683,0.52936155,65.513176,-492.57004,0.700522,6.9068646,6.522473,6.227851,5.308319,6.033378,6.1876802,0,-330.5151,185.6304,149.22805786132812
2710.0,106.15256,-505.68777,0.13899532,91.73175,-498.25952,0.20171669,81.52889,-495.74802,0.64336693,74.92755,-491.96744,0.48442915,64.57097,-487.77914,0.7224437,9.898933,8.693329,3.3441505,4.219391,4.8826647,4.953307,0,-324.43237,148.59921,156.6990966796875
2711.0,102.96366,-505.4591,0.58061755,89.69806,-494.95456,0.5093849,81.21459,-490.09546,0.8046658,73.28835,-484.38412,0.38789803,64.01289,-481.5489,0.747892,3.1970842,3.8805509,5.6612887,7.758454,6.2552,5.3048496,0,-319.83243,159.14548,148.4560089111328
2712.0,102.5001,-499.42377,0.8607476,88.21857,-490.00845,0.71024966,80.371796,-484.627,0.58123267,73.21324,-480.39542,0.41847965,63.44982,-476.8043,0.7239003,6.053116,5.162641,5.5330095,3.9894156,4.777893,5.227066,0,-314.7958,156.81197,149.9188690185547
2713.0,102.5001,-499.42377,0.79589856,88.21857,-488.5856,0.67217535,80.371796,-480.91513,0.4796697,72.3046,-475.96906,0.45475814,62.278778,-471.98337,0.65806746,0.0,1.4228516,3.7118835,4.5186605,4.961113,2.6323628,0,-311.9194,78.97088,145.69680786132812
2714.0,102.458466,-497.70633,0.19778368,87.62177,-485.52542,0.6047843,80.35564,-476.98254,0.517448,73.18238,-471.10773,0.50983983,61.48522,-468.49557,0.7173948,1.7179422,3.1178308,3.9326198,4.9399395,3.5769303,3.6686502,0,-308.50754,110.0595,144.51406860351562
2715.0,102.458466,-497.70633,0.13405187,84.7627,-480.8236,0.3088059,80.371796,-470.76807,0.44580978,72.943275,-467.6478,0.58281225,60.994312,-466.74457,0.7542369,0.0,5.5028467,6.2144985,3.4681826,1.8185208,3.5326557,0,-305.2821,105.97967,143.25088500976562
2716.0,195.15771,-488.65524,0.16411243,41.146755,-478.99194,0.16142757,80.50354,-467.8849,0.47255883,72.943275,-466.16046,0.39820877,60.39044,-464.88272,0.6675649,93.14007,43.654392,2.886187,1.4873352,1.9573282,13.732309,1,-301.8591,411.96927,169.99610900878906
2717.0,195.15771,-471.13486,0.15641423,41.146755,-463.5808,0.248121,82.95452,-466.44992,0.5113694,73.18238,-463.61777,0.6034366,60.39044,-462.59656,0.72941494,17.520386,15.411133,2.8401477,2.5539117,2.2861633,4.991788,0,-294.02,149.75363,176.37481689453125
2718.0,103.45872,-471.13486,0.14278507,41.146755,-462.32056,0.18403761,83.00508,-463.4299,0.45979193,74.98638,-460.77997,0.5046655,60.39044,-460.79504,0.55447954,91.699,1.2602539,3.0204427,3.3626661,1.8015137,9.432367,1,-292.23608,282.971,166.49996948242188
2719.0,103.45872,-469.71835,0.41224158,41.146755,-460.42004,0.34646666,83.16607,-459.49503,0.7022148,75.05313,-458.54532,0.52232784,60.43135,-459.23203,0.4999906,1.4165039,1.9005127,3.9381673,2.2356462,1.563554,2.3990211,0,-290.02612,71.970634,166.3032989501953
2720.0,98.395454,-469.099,0.68260443,48.90948,-462.32056,0.52747273,84.14427,-458.30447,0.7795845,75.18078,-457.20142,0.57927364,60.6561,-458.77057,0.6140764,5.101003,7.991987,1.5408745,1.3499511,0.51327837,3.1404057,0,-289.68323,94.212166,164.69418334960938
2721.0,98.395454,-469.099,0.22758573,48.90948,-462.32056,0.119890675,84.35791,-455.90982,0.5669695,75.42418,-456.44995,0.5410351,60.6561,-458.33,0.624856,0.0,0.0,2.4041643,0.7899008,0.44058228,0.99298924,0,-288.96588,29.789675,164.0737762451172
2722.0,103.45872,-469.099,0.16835089,48.90948,-455.8645,0.09884244,86.39192,-453.81027,0.55719054,75.42418,-454.07455,0.62389433,60.6561,-457.28397,0.61098284,5.063263,6.4560547,2.9232357,2.3753967,1.0460205,2.5448124,0,-286.57047,76.34437,164.56861877441406
2723.0,195.23755,-469.71835,0.14740917,48.90948,-455.8645,0.10359309,87.668304,-452.64972,0.68951577,75.44326,-453.44214,0.69275457,60.869534,-456.58527,0.49672553,91.78092,0.0,1.725119,0.63270354,0.7305717,7.2864146,1,-286.196,218.59242,174.41766357421875
2724.0,297.06802,-568.7856,0.14885657,53.673904,-455.8645,0.10250096,88.06523,-451.9156,0.61956173,75.44326,-452.37558,0.7250114,62.599583,-455.54596,0.4730376,142.06956,4.7644234,0.83456516,1.0665588,2.018224,11.542648,1,-305.44147,346.27942,154.22116088867188
2725.0,297.06802,-568.7856,0.15507634,103.9678,-452.14557,0.10447116,90.075905,-450.07584,0.63867605,75.44326,-451.375,0.76668125,63.34203,-455.05103,0.5278433,0.0,50.431202,2.7253432,1.0005798,0.8922932,3.7611866,0,-304.03064,112.835594,154.05174255371094
2726.0,297.06802,-568.7856,0.1534934,104.38224,-449.25797,0.17811921,90.33853,-449.08685,0.70010144,75.9085,-451.0697,0.75400865,63.43288,-454.93765,0.5503282,0.0,2.9171937,1.0232596,0.556467,0.1452834,0.74293256,0,-303.17154,22.287975,154.0205078125
2727.0,112.204216,-450.23044,0.33607417,104.58249,-446.4598,0.2975195,90.66461,-447.65198,0.7403059,76.07743,-450.28842,0.81615555,63.43757,-454.7293,0.57118785,219.61317,2.8053129,1.4714606,0.7993351,0.20839624,27.705528,1,-278.41602,831.16583,185.27078247070312
2728.0,112.204216,-446.99017,0.6035844,107.017525,-445.79074,0.5545562,91.19025,-445.89496,0.7537241,76.35841,-449.29132,0.892599,63.707237,-453.7533,0.6403842,3.240265,2.5252821,1.8339596,1.035935,1.0125823,1.8321853,0,-276.88806,54.965553,187.93896484375
2729.0,112.204216,-442.44128,0.18170357,107.50629,-443.1659,0.3678107,92.479385,-445.28146,0.7949552,76.36439,-448.4306,0.9079869,63.74047,-453.37308,0.646787,4.548889,2.6699648,1.4276745,0.8607385,0.38166818,1.369987,0,-275.0825,41.09961,192.71127319335938
2730.0,112.803764,-442.25107,0.29097813,107.50629,-442.16837,0.29205775,93.96292,-444.53723,0.8022281,76.36439,-448.205,0.88160175,63.74047,-453.33878,0.6382561,0.62899953,0.9975281,1.6597469,0.22561646,0.034301758,0.69761395,0,-274.6441,20.928417,192.73423767089844
2731.0,113.97819,-441.35263,0.41293082,107.50629,-441.91522,0.4350097,94.430016,-443.16638,0.89382136,76.36439,-447.55603,0.85791034,63.74047,-453.33878,0.65375674,1.4786682,0.2531433,1.4482423,0.6489563,0.0,0.7905271,0,-274.00983,23.715813,193.4192352294922
2732.0,116.67419,-440.36124,0.52266085,107.43204,-441.2932,0.59294707,94.430016,-442.56332,0.8957741,76.48296,-447.5077,0.8588491,62.57191,-453.37308,0.6601354,2.872503,0.62642515,0.60305786,0.12805085,1.1690633,0.9332465,0,-273.56372,27.997393,193.52305603027344
2733.0,118.29863,-439.97348,0.6416761,107.43204,-440.30865,0.63867414,94.430016,-442.07068,0.8884102,76.40893,-447.39865,0.8615725,62.43588,-453.44388,0.6512054,1.6700809,0.9845581,0.49264526,0.1317985,0.15335411,0.6387419,0,-273.18307,19.162256,193.55715942382812
2734.0,118.756905,-438.52176,0.7072335,107.43204,-439.0229,0.6963576,94.430016,-441.7051,0.9206469,76.40893,-447.35342,0.88997334,62.314796,-453.44388,0.6755946,1.5223371,1.2857666,0.36557007,0.04522705,0.121082306,0.6248681,0,-272.55344,18.746042,194.8090057373047
2735.0,120.23248,-437.54376,0.56078595,107.61858,-438.4818,0.66268903,94.430016,-441.53226,0.9122137,76.48296,-447.2615,0.8691447,62.314796,-453.44388,0.6359677,1.7702569,0.5723316,0.17285156,0.11802699,0.0,0.44832805,0,-272.19666,13.449841,195.35118103027344
2736.0,120.75076,-436.20285,0.57787174,108.01102,-437.80286,0.7930845,94.693275,-440.97192,0.8564925,76.694595,-447.04364,0.85291255,62.314796,-453.27338,0.6607761,1.4375879,0.784209,0.61909544,0.30373207,0.17050171,0.62939584,0,-271.60294,18.881874,196.28433227539062
2737.0,121.27723,-434.54352,0.55731064,108.359795,-437.31683,0.80283266,94.693275,-440.88147,0.8332322,76.96769,-446.9985,0.7864538,62.47667,-452.96332,0.6434581,1.7408476,0.59821755,0.0904541,0.27679893,0.34977016,0.543314,0,-271.08472,16.29942,197.39364624023438
2738.0,121.46461,-432.99146,0.5265629,108.69848,-436.4229,0.7837409,94.88944,-440.79083,0.8254327,76.96769,-446.9985,0.76597595,62.47667,-452.9008,0.64312464,1.563333,0.95592964,0.21609394,0.0,0.06253052,0.5052363,0,-270.5649,15.157089,198.6503448486328
2739.0,121.71714,-432.99146,0.52193594,109.367935,-435.64706,0.7216895,94.93516,-440.79083,0.8129333,77.121315,-446.93176,0.8367441,62.47667,-452.68372,0.6562744,0.25253296,1.0247501,0.045715332,0.1674971,0.21707153,0.33557004,0,-270.353,10.067101,198.387451171875
2740.0,122.14171,-432.99146,0.94216466,109.48756,-435.64706,0.7764511,94.88944,-440.79083,0.8744359,76.96769,-446.64474,0.71418995,58.88937,-450.69284,0.6255737,0.42456818,0.11962128,0.045715332,0.32554573,4.102719,0.84721065,0,-269.89743,25.416319,195.63446044921875
2741.0,122.42758,-446.22366,0.17533682,109.48756,-435.64706,0.42198938,94.49019,-440.91336,0.8672244,75.565216,-446.3879,0.6393403,58.86492,-447.70755,0.721598,13.235296,0.0,0.41763234,1.4257967,2.9853907,2.0345635,0,-271.91992,61.036903,181.3373565673828
2742.0,126.285034,-449.75974,0.41386804,109.48756,-444.4756,0.6219955,93.84935,-443.77963,0.7612674,73.0716,-446.3039,0.63463265,57.99213,-444.60117,0.6788148,5.232948,8.828522,2.9370375,2.4950292,3.2266681,4.393607,0,-274.328,131.80821,175.6802978515625
2743.0,122.42758,-449.75974,0.26409778,102.71922,-444.4756,0.7232145,86.996956,-443.77963,0.7592694,70.3982,-443.82748,0.5698847,57.474773,-441.5126,0.7251754,3.8574524,6.7683334,6.852394,3.6441293,3.1315928,5.084163,0,-273.21506,152.52489,172.76380920410156
2744.0,122.14171,-447.15152,0.15672444,101.71078,-444.4756,0.37476438,84.96727,-443.77963,0.8096945,69.93017,-440.5509,0.532592,56.93255,-438.3337,0.64487123,2.623835,1.0084457,2.029686,3.3098395,3.2248063,2.491399,0,-271.40225,74.74197,172.29898071289062
2745.0,122.42758,-447.15152,0.8436853,88.406685,-440.5653,0.84212583,75.37659,-438.57877,0.67794067,66.78527,-436.6831,0.49962184,56.28085,-435.28702,0.61262995,0.2858734,13.866837,10.910097,4.9850016,3.1156127,6.8223577,0,-268.19714,204.67072,169.8311767578125
2746.0,195.19725,-442.6228,0.20974316,78.77898,-435.3516,0.70277965,75.37659,-438.57877,0.3453094,63.02781,-432.8638,0.39979383,54.701786,-433.347,0.6127629,72.91045,10.948771,0.0,5.357762,2.5014334,11.743287,0,-265.0968,352.29858,176.22268676757812
2747.0,108.466286,-412.63297,0.15011854,48.39034,-431.30447,0.23290177,75.37659,-438.57877,0.43561187,62.013493,-431.10397,0.32620656,53.92491,-431.50464,0.31770998,91.769554,30.656948,0.0,2.0312133,1.9994433,15.188696,1,-257.569,455.66086,199.08596801757812
2748.0,96.240746,-412.63297,0.15025127,48.39034,-431.08905,0.20897181,274.42416,-573.2747,0.28395322,60.942863,-430.65338,0.32840437,53.686413,-431.47644,0.48951367,12.22554,0.21542358,240.33922,1.1615851,0.24015987,48.337772,1,-284.3693,1450.133,203.88424682617188
2749.0,77.54611,-404.85944,0.17450017,48.39034,-430.51398,0.31756422,274.42416,-573.2747,0.27766666,59.57124,-427.62827,0.3440185,53.686413,-431.1309,0.4418217,20.246408,0.57507324,0.0,3.3215475,0.34555054,3.2213054,0,-282.0255,96.63915,227.7543182373047
2750.0,74.47653,-404.85944,0.69813836,65.47666,-418.6371,0.34979782,274.42416,-573.2747,0.3087708,59.57124,-426.1148,0.58717835,53.716545,-431.1309,0.5654426,3.06958,20.808723,0.0,1.5134583,0.030132294,4.1156616,0,-279.34738,123.46984,231.683837890625
2751.0,68.580345,-404.85944,0.76657546,65.47666,-414.23038,0.7159401,274.42416,-573.2747,0.31039643,60.224106,-425.63544,0.44182217,53.716545,-431.47644,0.692345,5.896187,4.406708,0.0,0.8099569,0.34555054,2.8259938,0,-278.43933,84.77981,240.81959533691406
2752.0,68.580345,-402.61948,0.6148355,65.50319,-413.81912,0.6812036,62.47629,-420.18112,0.384675,60.385685,-425.63544,0.46134666,53.686413,-431.75134,0.6396183,2.2399597,0.41210955,261.4566,0.16157913,0.27654883,36.842922,1,-247.34528,1105.2876,242.92120361328125
2753.0,58.156036,-402.61948,0.15560314,65.47666,-413.81912,0.2944058,62.47629,-419.96716,0.31329447,60.224106,-425.63544,0.42566037,53.578037,-432.23672,0.5541576,10.424309,0.026527405,0.21395874,0.16157913,0.4973339,1.1710465,0,-247.39963,35.131393,261.21321868896484
2754.0,58.156036,-402.6006,0.44079688,32.1095,-413.81912,0.35617697,63.445225,-419.11267,0.4020262,60.385685,-425.22287,0.48916107,52.862125,-433.31067,0.5309939,0.01889038,33.36716,1.2918932,0.44307953,1.290692,5.999763,0,-247.35718,179.99287,260.2192840576172
2755.0,58.156036,-402.6006,0.39164233,32.1095,-413.81912,0.39981392,64.93074,-419.0506,0.39812875,60.884304,-425.22287,0.5255171,52.628727,-433.35168,0.465824,0.0,0.0,1.4868119,0.49861908,0.23697492,0.442181,0,-247.353,13.2654295,259.81026458740234
2756.0,62.187473,-402.3601,0.5332372,65.50319,-411.95346,0.46895906,64.93074,-417.67435,0.48145783,60.68847,-426.42395,0.57847065,52.583107,-433.64548,0.5061093,4.038603,33.445763,1.3762512,1.216941,0.29731354,7.536413,0,-246.95547,226.09238,252.93392944335938
2757.0,62.957428,-402.12555,0.48515454,69.38122,-412.2689,0.33134538,65.48453,-417.67435,0.4960841,60.884304,-426.42395,0.5982141,52.312138,-434.66693,0.5049674,0.8048899,3.890836,0.55378723,0.19583511,1.056784,1.0784261,0,-247.17593,32.352783,251.88549041748047
2758.0,64.949234,-398.6368,0.3674715,69.97128,-406.3114,0.27779728,65.614334,-417.67435,0.43861344,60.890266,-426.42395,0.60175717,52.312138,-434.8798,0.49898708,4.017287,5.9866395,0.12980652,0.005962372,0.2128601,1.5133241,0,-245.32925,45.399723,250.7775115966797
2759.0,64.949234,-398.6368,0.30903453,69.97128,-406.3114,0.39703292,66.652275,-419.6472,0.3807165,61.190937,-426.8252,0.5942242,52.312138,-435.10297,0.5064295,0.0,0.0,2.2292187,0.5013985,0.22317505,0.5758637,0,-245.84875,17.275911,250.8865966796875
2760.0,70.922905,-402.12555,0.28627902,70.22881,-410.84702,0.40991428,66.71561,-419.6472,0.35415876,61.299698,-426.8252,0.6571319,52.318733,-435.10297,0.53628844,6.917806,4.5429196,0.063331604,0.108760834,0.0065956116,1.7560014,0,-247.45358,52.68004,240.57054138183594
2761.0,71.83344,-405.92038,0.33012003,70.22881,-412.2689,0.41174874,66.652275,-419.6472,0.42216775,61.299698,-426.8252,0.60257834,52.668213,-435.10297,0.5229638,3.9025397,1.421875,0.063331604,0.0,0.34947968,0.90988946,0,-248.49695,27.296682,236.7056884765625
2762.0,75.462074,-407.13885,0.20357165,70.22881,-414.22852,0.44038427,66.652275,-419.70544,0.5299224,61.299698,-427.06802,0.71524996,52.668213,-435.31067,0.585012,3.8277473,1.9596252,0.058258057,0.24282837,0.20770264,0.7955381,0,-249.23428,23.866142,231.0236358642578
2763.0,77.50573,-407.13885,0.8222974,68.38798,-417.45438,0.55819124,65.572136,-420.40485,0.41459027,61.357727,-427.50827,0.5097452,52.668213,-435.31067,0.57084405,2.0436554,3.714142,1.2868036,0.44405454,0.0,1.5695639,0,-250.10739,47.086914,228.5991668701172
2764.0,86.61954,-405.92038,0.49150676,68.38798,-417.45438,0.5335631,65.572136,-424.3532,0.54880005,61.593456,-428.9989,0.663889,51.994957,-435.8346,0.47179905,9.1949,0.0,3.9483643,1.5091552,0.8530954,2.9859552,0,-251.0563,89.57865,220.82566833496094
2765.0,86.61954,-407.13885,0.14078182,65.96431,-419.22086,0.28220165,64.7369,-424.54236,0.32233706,61.135082,-429.277,0.6523333,51.542686,-435.96466,0.46765587,1.2184753,2.9991024,0.8563851,0.5361437,0.47060147,0.99916893,0,-251.77277,29.975067,219.4130401611328
2766.0,78.1881,-407.13885,0.14670384,64.044586,-420.39307,0.33872232,65.572136,-425.94098,0.29892814,61.135082,-429.58157,0.5225903,51.452915,-436.08997,0.5732912,8.431435,2.2493145,1.629036,0.30456543,0.15414366,1.4537079,0,-252.37292,43.611237,227.2787628173828
2767.0,78.1881,-412.1768,0.6866106,61.501812,-420.4843,0.5996809,272.77618,-574.66327,0.33465055,58.091583,-429.60837,0.5775729,51.452915,-437.07928,0.56177646,5.0379333,2.544411,255.05261,3.043617,0.98931885,33.566063,1,-283.34644,1006.9818,222.9673614501953
2768.0,78.1881,-416.2135,0.74190027,61.501812,-421.5614,0.49489272,273.07443,-574.6764,0.27291563,58.091583,-430.0146,0.605293,51.452915,-437.0939,0.6534457,4.0367126,1.0770874,0.29853684,0.40621948,0.01461792,1.3960137,0,-284.45596,41.88041,217.99014282226562
2769.0,75.83414,-416.2135,0.36536726,63.108727,-421.5614,0.52634865,273.07443,-574.7457,0.3218635,57.102707,-430.2472,0.46409795,51.452915,-437.4225,0.6863451,2.3539658,1.6069145,0.06933594,1.0158648,0.32858276,1.0258608,0,-284.5821,30.775822,221.01968383789062
2770.0,67.20582,-414.23087,0.16585067,63.108727,-420.4843,0.13837923,273.07443,-574.7457,0.32797348,57.102707,-430.42844,0.41132465,51.308517,-437.72952,0.6739178,8.853176,1.0770874,0.0,0.1812439,0.3392973,1.1182654,0,-284.06778,33.54796,235.92089080810547
2771.0,66.51618,-412.1768,0.2494161,63.108727,-420.11542,0.23449706,273.07443,-574.6764,0.30572012,57.102707,-430.42844,0.5109578,49.80143,-438.19424,0.4215084,2.166756,0.36889648,0.06933594,0.0,1.5771111,0.7623787,0,-283.66226,22.871359,237.28154754638672
2772.0,66.51618,-410.43982,0.21157703,63.37744,-419.93814,0.21531555,60.343285,-426.54868,0.2830393,56.942467,-430.42844,0.6013048,49.52271,-438.2723,0.46313238,1.736969,0.32192343,259.2226,0.16024017,0.28944656,41.726048,1,-253.6695,1251.7814,238.5933380126953
2773.0,66.51618,-409.6161,0.25916907,63.8377,-419.59042,0.23336907,59.968082,-425.49292,0.35260454,56.784435,-430.35025,0.5903087,49.25594,-438.32278,0.5114481,0.82373047,0.5768407,1.1204448,0.17631505,0.27150276,0.5065059,0,-253.2185,15.195176,238.9831085205078
2774.0,66.56502,-409.3191,0.27810007,64.34776,-418.88754,0.28158706,59.968082,-424.2047,0.2835605,56.096447,-430.35025,0.61432284,49.232426,-438.32278,0.4733035,0.30098537,0.8684503,1.288208,0.6879883,0.023513794,0.58383375,0,-252.7609,17.51501,239.13748168945312
2775.0,66.56502,-407.96252,0.26172912,64.852554,-414.90622,0.21603481,60.31789,-424.0865,0.39200175,56.096447,-430.35025,0.56985426,47.443436,-439.16327,0.42224276,1.3565674,4.013197,0.36924604,0.0,1.9765879,1.1823581,0,-251.83777,35.47074,238.49768829345703
2776.0,66.56502,-405.24838,0.13593301,65.05376,-414.16336,0.13438675,60.31789,-423.56177,0.3468844,56.096447,-430.6429,0.5752769,47.37654,-439.16833,0.4071056,2.7141418,0.7696244,0.52471924,0.29266357,0.06708608,0.53142446,0,-251.10095,15.942733,240.5032196044922
2777.0,66.56502,-405.22156,0.36522138,67.053314,-412.16632,0.28363848,61.61532,-423.0737,0.4510638,56.426544,-430.7284,0.6449998,47.245857,-439.20706,0.4194463,0.026824951,2.8260217,1.3861926,0.34098527,0.13630131,0.79179317,0,-250.62341,23.753794,240.3838119506836
